Graphs generated at the end of the test (epoch 2):
Graph 1:
  Nodes: [[0.6054016351699829], [0.08424122631549835], [0.7377271056175232], [1.1096465587615967], [0.8039870262145996], [0.5362632870674133], [-0.014117714948952198], [1.3320285081863403], [0.13530020415782928], [0.40444666147232056], [1.049654245376587], [-0.0563945397734642], [0.45909589529037476]]
  Edges:
[[0.0, 6.051607608795166, 6.1041717529296875, 6.581121921539307, 6.270902633666992, 5.370123863220215, 6.277578353881836, 0.0, 5.6914262771606445, 6.129030227661133, 5.736306190490723, 6.210871696472168, 6.2261199951171875], [6.051607608795166, 0.0, 4.789915561676025, 5.618628978729248, 0.0, 5.905588626861572, 6.123447895050049, 4.979465007781982, 5.736069679260254, 6.203017711639404, 0.0, 5.58378267288208, 6.266395568847656], [6.1041717529296875, 4.789915561676025, 0.0, 6.011605262756348, 6.061011791229248, 5.48087215423584, 6.286462306976318, 5.7180938720703125, 6.075134754180908, 5.657352447509766, 5.665132522583008, 5.724698066711426, 6.121932029724121], [6.581121921539307, 5.618628978729248, 6.011605262756348, 0.0, 6.069704055786133, 6.111402988433838, 6.436037540435791, 5.796578884124756, 6.030246257781982, 0.0, 6.5180792808532715, 6.1898112297058105, 5.7546610832214355], [6.270902633666992, 0.0, 6.061011791229248, 6.069704055786133, 0.0, 6.000528335571289, 5.554178714752197, 4.960779666900635, 6.145653247833252, 5.628885746002197, 5.740502834320068, 5.9117231369018555, 5.039949417114258], [5.370123863220215, 5.905588626861572, 5.48087215423584, 6.111402988433838, 6.000528335571289, 0.0, 6.136610984802246, 5.50356388092041, 6.23396110534668, 6.484288692474365, 6.108998775482178, 5.985825061798096, 5.256936073303223], [6.277578353881836, 6.123447895050049, 6.286462306976318, 6.436037540435791, 5.554178714752197, 6.136610984802246, 0.0, 5.339051723480225, 0.0, 6.356714725494385, 6.783428192138672, 6.262199878692627, 5.807353973388672], [0.0, 4.979465007781982, 5.7180938720703125, 5.796578884124756, 4.960779666900635, 5.50356388092041, 5.339051723480225, 0.0, 6.824136734008789, 5.912184715270996, 5.9551544189453125, 5.237641334533691, 6.415729522705078], [5.6914262771606445, 5.736069679260254, 6.075134754180908, 6.030246257781982, 6.145653247833252, 6.23396110534668, 0.0, 6.824136734008789, 0.0, 6.274180889129639, 6.311920642852783, 5.423163890838623, 5.900552272796631], [6.129030227661133, 6.203017711639404, 5.657352447509766, 0.0, 5.628885746002197, 6.484288692474365, 6.356714725494385, 5.912184715270996, 6.274180889129639, 0.0, 6.454635143280029, 5.7083587646484375, 5.51997709274292], [5.736306190490723, 0.0, 5.665132522583008, 6.5180792808532715, 5.740502834320068, 6.108998775482178, 6.783428192138672, 5.9551544189453125, 6.311920642852783, 6.454635143280029, 0.0, 6.49395751953125, 5.365537643432617], [6.210871696472168, 5.58378267288208, 5.724698066711426, 6.1898112297058105, 5.9117231369018555, 5.985825061798096, 6.262199878692627, 5.237641334533691, 5.423163890838623, 5.7083587646484375, 6.49395751953125, 0.0, 5.937962055206299], [6.2261199951171875, 6.266395568847656, 6.121932029724121, 5.7546610832214355, 5.039949417114258, 5.256936073303223, 5.807353973388672, 6.415729522705078, 5.900552272796631, 5.51997709274292, 5.365537643432617, 5.937962055206299, 0.0]]

Graph 2:
  Nodes: [[0.833268940448761], [1.465118408203125], [1.480159044265747], [0.3102867901325226], [1.2294392585754395], [0.15036606788635254], [0.8207268118858337], [1.081494927406311], [0.9772443771362305], [1.5116746425628662], [0.6071689128875732], [0.12019157409667969], [0.6337432265281677], [0.8913978338241577], [0.3397729992866516], [-0.3454245626926422], [0.6094434261322021], [0.4046967923641205]]
  Edges:
[[0.0, 5.531019687652588, 6.698442459106445, 5.708165168762207, 5.5598649978637695, 6.6719279289245605, 6.395598411560059, 5.3557658195495605, 0.0, 6.104398727416992, 6.15848970413208, 5.778182506561279, 6.0694169998168945, 6.266257286071777, 5.524747848510742, 6.101534843444824, 5.905142307281494, 5.926907539367676], [5.531019687652588, 0.0, 6.368815898895264, 5.822064399719238, 6.140132904052734, 6.030827045440674, 5.868997573852539, 6.132192611694336, 6.099991798400879, 6.806361675262451, 6.383962631225586, 5.707282066345215, 5.961024761199951, 6.2780232429504395, 6.243266582489014, 5.545139789581299, 6.627504825592041, 5.412432670593262], [6.698442459106445, 6.368815898895264, 0.0, 5.985785961151123, 5.765206336975098, 6.137253284454346, 6.059301853179932, 6.201783657073975, 5.767736911773682, 6.039372444152832, 6.632920265197754, 6.229998588562012, 6.2630391120910645, 6.2174482345581055, 6.080556392669678, 5.91517972946167, 5.207492351531982, 5.320345401763916], [5.708165168762207, 5.822064399719238, 5.985785961151123, 0.0, 5.852595806121826, 6.649725914001465, 5.704019069671631, 5.241134166717529, 5.636317729949951, 6.088124752044678, 6.076599597930908, 5.729953289031982, 6.302986145019531, 5.676624774932861, 4.842808723449707, 6.328086853027344, 5.811537742614746, 5.5368523597717285], [5.5598649978637695, 6.140132904052734, 5.765206336975098, 5.852595806121826, 0.0, 0.0, 5.485426425933838, 6.551809310913086, 0.0, 5.708618640899658, 5.690733909606934, 6.024723529815674, 5.536893844604492, 5.962208271026611, 4.98809289932251, 7.1155781745910645, 0.0, 5.968005180358887], [6.6719279289245605, 6.030827045440674, 6.137253284454346, 6.649725914001465, 0.0, 0.0, 5.7292070388793945, 6.305613040924072, 6.6319403648376465, 6.023861885070801, 6.547091484069824, 5.127892017364502, 6.586324214935303, 5.485723495483398, 5.54585075378418, 6.826744079589844, 5.588876724243164, 0.0], [6.395598411560059, 5.868997573852539, 6.059301853179932, 5.704019069671631, 5.485426425933838, 5.7292070388793945, 0.0, 6.402885437011719, 6.5017409324646, 6.282622814178467, 5.881986141204834, 5.6254072189331055, 6.17039155960083, 5.904380798339844, 0.0, 6.075462341308594, 6.118096828460693, 5.89023494720459], [5.3557658195495605, 6.132192611694336, 6.201783657073975, 5.241134166717529, 6.551809310913086, 6.305613040924072, 6.402885437011719, 0.0, 6.305593490600586, 6.492299556732178, 6.048626899719238, 6.812800407409668, 6.291322708129883, 6.371555805206299, 6.542639255523682, 6.005585670471191, 6.100567817687988, 6.418494701385498], [0.0, 6.099991798400879, 5.767736911773682, 5.636317729949951, 0.0, 6.6319403648376465, 6.5017409324646, 6.305593490600586, 0.0, 6.645878314971924, 6.473918437957764, 6.072861194610596, 0.0, 5.355524063110352, 5.23923921585083, 5.858408451080322, 6.091268062591553, 5.991544723510742], [6.104398727416992, 6.806361675262451, 6.039372444152832, 6.088124752044678, 5.708618640899658, 6.023861885070801, 6.282622814178467, 6.492299556732178, 6.645878314971924, 0.0, 6.547272682189941, 5.466718673706055, 0.0, 5.894383907318115, 6.622093677520752, 5.878891944885254, 5.703662872314453, 5.978641033172607], [6.15848970413208, 6.383962631225586, 6.632920265197754, 6.076599597930908, 5.690733909606934, 6.547091484069824, 5.881986141204834, 6.048626899719238, 6.473918437957764, 6.547272682189941, 0.0, 5.474277973175049, 5.898623943328857, 5.951733112335205, 5.795167922973633, 6.644190788269043, 5.971470355987549, 6.077647686004639], [5.778182506561279, 5.707282066345215, 6.229998588562012, 5.729953289031982, 6.024723529815674, 5.127892017364502, 5.6254072189331055, 6.812800407409668, 6.072861194610596, 5.466718673706055, 5.474277973175049, 0.0, 6.107748031616211, 5.917744159698486, 6.373888969421387, 6.216156005859375, 5.524112701416016, 5.645829200744629], [6.0694169998168945, 5.961024761199951, 6.2630391120910645, 6.302986145019531, 5.536893844604492, 6.586324214935303, 6.17039155960083, 6.291322708129883, 0.0, 0.0, 5.898623943328857, 6.107748031616211, 0.0, 6.013256072998047, 6.0692057609558105, 6.129580974578857, 6.442831039428711, 6.257664203643799], [6.266257286071777, 6.2780232429504395, 6.2174482345581055, 5.676624774932861, 5.962208271026611, 5.485723495483398, 5.904380798339844, 6.371555805206299, 5.355524063110352, 5.894383907318115, 5.951733112335205, 5.917744159698486, 6.013256072998047, 0.0, 6.1449689865112305, 5.642423152923584, 5.250552654266357, 6.290899753570557], [5.524747848510742, 6.243266582489014, 6.080556392669678, 4.842808723449707, 4.98809289932251, 5.54585075378418, 0.0, 6.542639255523682, 5.23923921585083, 6.622093677520752, 5.795167922973633, 6.373888969421387, 6.0692057609558105, 6.1449689865112305, 0.0, 0.0, 5.763211250305176, 6.785902500152588], [6.101534843444824, 5.545139789581299, 5.91517972946167, 6.328086853027344, 7.1155781745910645, 6.826744079589844, 6.075462341308594, 6.005585670471191, 5.858408451080322, 5.878891944885254, 6.644190788269043, 6.216156005859375, 6.129580974578857, 5.642423152923584, 0.0, 0.0, 6.16883659362793, 5.7134013175964355], [5.905142307281494, 6.627504825592041, 5.207492351531982, 5.811537742614746, 0.0, 5.588876724243164, 6.118096828460693, 6.100567817687988, 6.091268062591553, 5.703662872314453, 5.971470355987549, 5.524112701416016, 6.442831039428711, 5.250552654266357, 5.763211250305176, 6.16883659362793, 0.0, 6.0056023597717285], [5.926907539367676, 5.412432670593262, 5.320345401763916, 5.5368523597717285, 5.968005180358887, 0.0, 5.89023494720459, 6.418494701385498, 5.991544723510742, 5.978641033172607, 6.077647686004639, 5.645829200744629, 6.257664203643799, 6.290899753570557, 6.785902500152588, 5.7134013175964355, 6.0056023597717285, 0.0]]

Graph 3:
  Nodes: [[0.4210807681083679], [1.4962390661239624], [0.416326642036438], [-0.7514649629592896], [0.6212312579154968], [0.22039520740509033], [0.3913920223712921], [1.013877272605896], [0.3146529793739319]]
  Edges:
[[0.0, 6.383105754852295, 6.277683258056641, 5.2649455070495605, 5.825218677520752, 6.315006256103516, 6.295032024383545, 5.938021183013916, 5.2121405601501465], [6.383105754852295, 0.0, 6.030010223388672, 6.368459701538086, 0.0, 6.131866455078125, 6.658527374267578, 5.623749732971191, 6.7636237144470215], [6.277683258056641, 6.030010223388672, 0.0, 5.836864948272705, 5.0879106521606445, 6.250246524810791, 0.0, 5.446207523345947, 6.579888820648193], [5.2649455070495605, 6.368459701538086, 5.836864948272705, 0.0, 6.055163383483887, 4.940567970275879, 5.272931098937988, 5.339024543762207, 6.033353805541992], [5.825218677520752, 0.0, 5.0879106521606445, 6.055163383483887, 0.0, 6.004997730255127, 5.928304195404053, 6.017213821411133, 0.0], [6.315006256103516, 6.131866455078125, 6.250246524810791, 4.940567970275879, 6.004997730255127, 0.0, 5.940210819244385, 5.879269123077393, 6.0422868728637695], [6.295032024383545, 6.658527374267578, 0.0, 5.272931098937988, 5.928304195404053, 5.940210819244385, 0.0, 5.4960174560546875, 5.993073463439941], [5.938021183013916, 5.623749732971191, 5.446207523345947, 5.339024543762207, 6.017213821411133, 5.879269123077393, 5.4960174560546875, 0.0, 6.594493865966797], [5.2121405601501465, 6.7636237144470215, 6.579888820648193, 6.033353805541992, 0.0, 6.0422868728637695, 5.993073463439941, 6.594493865966797, 0.0]]

Graph 4:
  Nodes: [[0.5966978669166565], [0.021861260756850243], [0.5720962882041931], [0.5353575944900513], [0.4983246326446533], [-0.5367264747619629], [0.847164511680603]]
  Edges:
[[0.0, 5.7925615310668945, 5.783031940460205, 6.393033504486084, 6.043684005737305, 5.308867454528809, 6.014651298522949], [5.7925615310668945, 0.0, 5.424825668334961, 5.532052516937256, 5.9167094230651855, 0.0, 6.162721157073975], [5.783031940460205, 5.424825668334961, 0.0, 6.781303405761719, 6.090245246887207, 6.15922212600708, 5.947334289550781], [6.393033504486084, 5.532052516937256, 6.781303405761719, 0.0, 5.018563270568848, 6.122585773468018, 6.3168559074401855], [6.043684005737305, 5.9167094230651855, 6.090245246887207, 5.018563270568848, 0.0, 6.533321380615234, 6.77792501449585], [5.308867454528809, 0.0, 6.15922212600708, 6.122585773468018, 6.533321380615234, 0.0, 5.660391330718994], [6.014651298522949, 6.162721157073975, 5.947334289550781, 6.3168559074401855, 6.77792501449585, 5.660391330718994, 0.0]]

Graph 5:
  Nodes: [[0.7558100819587708], [1.2104979753494263], [0.7440687417984009], [1.0462788343429565], [0.8126214742660522], [0.3716731071472168], [0.5994507074356079], [0.4320676028728485], [1.5917104482650757], [-0.19898444414138794], [0.9013137221336365], [0.6274738907814026], [-0.02021513506770134], [0.6863498687744141], [0.6912164688110352], [0.7995981574058533]]
  Edges:
[[0.0, 5.8846516609191895, 5.5836358070373535, 6.112053394317627, 4.997430324554443, 6.6370110511779785, 5.687961578369141, 6.069823265075684, 5.607112407684326, 0.0, 6.040154457092285, 5.160120964050293, 5.769354820251465, 5.172359943389893, 5.738526821136475, 6.026221752166748], [5.8846516609191895, 0.0, 5.933602333068848, 0.0, 0.0, 5.551473140716553, 6.843713760375977, 6.529458045959473, 5.921172142028809, 5.509912490844727, 6.3307719230651855, 5.979849815368652, 5.421536445617676, 6.58603048324585, 5.7090229988098145, 0.0], [5.5836358070373535, 5.933602333068848, 0.0, 6.7537312507629395, 0.0, 6.32445764541626, 5.812966823577881, 5.027166843414307, 6.232761383056641, 6.121675968170166, 5.649914264678955, 6.321140766143799, 0.0, 5.462640285491943, 6.058121204376221, 5.969297409057617], [6.112053394317627, 0.0, 6.7537312507629395, 0.0, 6.3894524574279785, 6.467827796936035, 6.05950927734375, 5.693985939025879, 5.754161834716797, 4.878411769866943, 5.905033111572266, 6.069417476654053, 0.0, 6.501486301422119, 5.495365142822266, 6.220506191253662], [4.997430324554443, 0.0, 0.0, 6.3894524574279785, 0.0, 5.8405585289001465, 5.392589092254639, 0.0, 6.214473247528076, 5.811794757843018, 6.379308223724365, 5.706239223480225, 6.746347427368164, 6.067261219024658, 6.257600784301758, 5.733993053436279], [6.6370110511779785, 5.551473140716553, 6.32445764541626, 6.467827796936035, 5.8405585289001465, 0.0, 5.882273197174072, 6.271812915802002, 5.966691017150879, 4.880947113037109, 6.136035442352295, 5.874142169952393, 6.198115825653076, 6.225892066955566, 5.652291774749756, 6.016164302825928], [5.687961578369141, 6.843713760375977, 5.812966823577881, 6.05950927734375, 5.392589092254639, 5.882273197174072, 0.0, 5.952363967895508, 5.77746057510376, 5.48764705657959, 6.353279113769531, 0.0, 6.131247043609619, 5.214653015136719, 6.188045501708984, 5.8622941970825195], [6.069823265075684, 6.529458045959473, 5.027166843414307, 5.693985939025879, 0.0, 6.271812915802002, 5.952363967895508, 0.0, 5.731216907501221, 6.183577060699463, 5.972988128662109, 6.655460834503174, 6.7729315757751465, 5.4555277824401855, 0.0, 5.609338283538818], [5.607112407684326, 5.921172142028809, 6.232761383056641, 5.754161834716797, 6.214473247528076, 5.966691017150879, 5.77746057510376, 5.731216907501221, 0.0, 0.0, 5.875894069671631, 5.807378768920898, 6.196219444274902, 5.541130065917969, 5.870236873626709, 6.575062274932861], [0.0, 5.509912490844727, 6.121675968170166, 4.878411769866943, 5.811794757843018, 4.880947113037109, 5.48764705657959, 6.183577060699463, 0.0, 0.0, 6.817844867706299, 6.132172584533691, 6.221318244934082, 6.321468830108643, 6.587335586547852, 6.310814380645752], [6.040154457092285, 6.3307719230651855, 5.649914264678955, 5.905033111572266, 6.379308223724365, 6.136035442352295, 6.353279113769531, 5.972988128662109, 5.875894069671631, 6.817844867706299, 0.0, 6.5489912033081055, 5.890120029449463, 6.249925136566162, 6.1232171058654785, 5.91813325881958], [5.160120964050293, 5.979849815368652, 6.321140766143799, 6.069417476654053, 5.706239223480225, 5.874142169952393, 0.0, 6.655460834503174, 5.807378768920898, 6.132172584533691, 6.5489912033081055, 0.0, 6.1312103271484375, 0.0, 5.523138999938965, 5.317684650421143], [5.769354820251465, 5.421536445617676, 0.0, 0.0, 6.746347427368164, 6.198115825653076, 6.131247043609619, 6.7729315757751465, 6.196219444274902, 6.221318244934082, 5.890120029449463, 6.1312103271484375, 0.0, 5.77600622177124, 6.0386786460876465, 5.900909423828125], [5.172359943389893, 6.58603048324585, 5.462640285491943, 6.501486301422119, 6.067261219024658, 6.225892066955566, 5.214653015136719, 5.4555277824401855, 5.541130065917969, 6.321468830108643, 6.249925136566162, 0.0, 5.77600622177124, 0.0, 6.3813934326171875, 0.0], [5.738526821136475, 5.7090229988098145, 6.058121204376221, 5.495365142822266, 6.257600784301758, 5.652291774749756, 6.188045501708984, 0.0, 5.870236873626709, 6.587335586547852, 6.1232171058654785, 5.523138999938965, 6.0386786460876465, 6.3813934326171875, 0.0, 5.541101455688477], [6.026221752166748, 0.0, 5.969297409057617, 6.220506191253662, 5.733993053436279, 6.016164302825928, 5.8622941970825195, 5.609338283538818, 6.575062274932861, 6.310814380645752, 5.91813325881958, 5.317684650421143, 5.900909423828125, 0.0, 5.541101455688477, 0.0]]

Graph 6:
  Nodes: [[0.8735510110855103], [-0.2612493336200714], [0.02812338061630726], [0.9484341740608215], [1.3752641677856445]]
  Edges:
[[0.0, 6.471221446990967, 6.117500305175781, 5.877903938293457, 5.1888957023620605], [6.471221446990967, 0.0, 6.820476531982422, 6.009025573730469, 6.120453357696533], [6.117500305175781, 6.820476531982422, 0.0, 6.111199855804443, 5.194891929626465], [5.877903938293457, 6.009025573730469, 6.111199855804443, 0.0, 5.918234348297119], [5.1888957023620605, 6.120453357696533, 5.194891929626465, 5.918234348297119, 0.0]]

Graph 7:
  Nodes: [[0.7621623873710632], [0.6749704480171204], [0.43817564845085144], [0.11115583777427673], [0.7738954424858093], [0.7855471968650818], [0.43978217244148254], [-0.5923852920532227]]
  Edges:
[[0.0, 5.739989280700684, 6.003990650177002, 5.778266429901123, 6.717902660369873, 5.713853359222412, 5.992557525634766, 0.0], [5.739989280700684, 0.0, 5.5190582275390625, 5.57277774810791, 5.665842056274414, 6.4726457595825195, 6.378475666046143, 5.875306129455566], [6.003990650177002, 5.5190582275390625, 0.0, 0.0, 6.104934215545654, 5.991697788238525, 5.867361545562744, 6.4963603019714355], [5.778266429901123, 5.57277774810791, 0.0, 0.0, 6.356356620788574, 5.897069454193115, 6.2396111488342285, 5.687652111053467], [6.717902660369873, 5.665842056274414, 6.104934215545654, 6.356356620788574, 0.0, 5.982625484466553, 5.8027448654174805, 6.683849334716797], [5.713853359222412, 6.4726457595825195, 5.991697788238525, 5.897069454193115, 5.982625484466553, 0.0, 6.015110492706299, 6.082607269287109], [5.992557525634766, 6.378475666046143, 5.867361545562744, 6.2396111488342285, 5.8027448654174805, 6.015110492706299, 0.0, 6.383545398712158], [0.0, 5.875306129455566, 6.4963603019714355, 5.687652111053467, 6.683849334716797, 6.082607269287109, 6.383545398712158, 0.0]]

Graph 8:
  Nodes: [[0.7649562954902649], [1.3488363027572632], [0.11186549067497253], [0.7257581949234009], [0.9262738823890686], [0.7617485523223877], [0.7656359672546387], [1.412125587463379], [0.7586228251457214]]
  Edges:
[[0.0, 5.713339328765869, 5.8584747314453125, 5.867339134216309, 5.58407735824585, 6.124200820922852, 5.788368225097656, 5.916719436645508, 0.0], [5.713339328765869, 0.0, 5.569173812866211, 6.121058940887451, 5.193586349487305, 5.953653335571289, 0.0, 5.996760368347168, 5.991952896118164], [5.8584747314453125, 5.569173812866211, 0.0, 5.35466194152832, 5.795385837554932, 5.900116443634033, 5.445006847381592, 5.571643352508545, 6.219254493713379], [5.867339134216309, 6.121058940887451, 5.35466194152832, 0.0, 5.953696250915527, 0.0, 5.831779479980469, 5.507976055145264, 6.464237213134766], [5.58407735824585, 5.193586349487305, 5.795385837554932, 5.953696250915527, 0.0, 6.229963302612305, 6.383038520812988, 5.108084201812744, 5.956645965576172], [6.124200820922852, 5.953653335571289, 5.900116443634033, 0.0, 6.229963302612305, 0.0, 5.892675876617432, 6.303499221801758, 6.687622547149658], [5.788368225097656, 0.0, 5.445006847381592, 5.831779479980469, 6.383038520812988, 5.892675876617432, 0.0, 5.285516262054443, 6.577681064605713], [5.916719436645508, 5.996760368347168, 5.571643352508545, 5.507976055145264, 5.108084201812744, 6.303499221801758, 5.285516262054443, 0.0, 6.0219831466674805], [0.0, 5.991952896118164, 6.219254493713379, 6.464237213134766, 5.956645965576172, 6.687622547149658, 6.577681064605713, 6.0219831466674805, 0.0]]

Graph 9:
  Nodes: [[-0.07201758027076721], [0.7060348987579346], [1.3496696949005127], [0.10711656510829926], [0.3552769422531128], [0.4299781620502472], [0.36850637197494507], [0.4927879869937897], [1.4660781621932983], [1.0555576086044312], [0.752455472946167], [0.40657955408096313], [1.1710890531539917]]
  Edges:
[[0.0, 6.159021854400635, 6.012497425079346, 5.5573859214782715, 6.343941688537598, 5.031278610229492, 5.535721302032471, 6.08614444732666, 0.0, 0.0, 6.006673812866211, 5.938986778259277, 6.222141265869141], [6.159021854400635, 0.0, 5.193349838256836, 5.480003356933594, 6.411171913146973, 5.962407112121582, 5.0048604011535645, 5.948022365570068, 6.621026039123535, 6.35964822769165, 0.0, 5.816717624664307, 6.107354164123535], [6.012497425079346, 5.193349838256836, 0.0, 6.029573917388916, 6.212234020233154, 6.115710735321045, 5.808995723724365, 5.77952766418457, 5.8538737297058105, 6.024213790893555, 5.739552021026611, 6.4055304527282715, 6.201332092285156], [5.5573859214782715, 5.480003356933594, 6.029573917388916, 0.0, 5.499984264373779, 6.104199409484863, 5.00078010559082, 6.4191060066223145, 5.850943088531494, 6.07368278503418, 5.831950664520264, 5.47560453414917, 5.5396623611450195], [6.343941688537598, 6.411171913146973, 6.212234020233154, 5.499984264373779, 0.0, 0.0, 5.944363117218018, 6.109212875366211, 6.066989421844482, 6.29405403137207, 5.512033462524414, 5.780287265777588, 6.0489182472229], [5.031278610229492, 5.962407112121582, 6.115710735321045, 6.104199409484863, 0.0, 0.0, 6.52515172958374, 6.318656921386719, 5.730533599853516, 6.3024797439575195, 5.167121887207031, 6.170910358428955, 5.912320137023926], [5.535721302032471, 5.0048604011535645, 5.808995723724365, 5.00078010559082, 5.944363117218018, 6.52515172958374, 0.0, 0.0, 6.149693965911865, 5.800290584564209, 5.787085056304932, 5.833446502685547, 6.5640387535095215], [6.08614444732666, 5.948022365570068, 5.77952766418457, 6.4191060066223145, 6.109212875366211, 6.318656921386719, 0.0, 0.0, 6.070570945739746, 6.391935348510742, 6.136011600494385, 0.0, 6.088172435760498], [0.0, 6.621026039123535, 5.8538737297058105, 5.850943088531494, 6.066989421844482, 5.730533599853516, 6.149693965911865, 6.070570945739746, 0.0, 5.823025226593018, 6.654664993286133, 5.842387676239014, 6.7282209396362305], [0.0, 6.35964822769165, 6.024213790893555, 6.07368278503418, 6.29405403137207, 6.3024797439575195, 5.800290584564209, 6.391935348510742, 5.823025226593018, 0.0, 6.441819667816162, 5.906967639923096, 6.782663822174072], [6.006673812866211, 0.0, 5.739552021026611, 5.831950664520264, 5.512033462524414, 5.167121887207031, 5.787085056304932, 6.136011600494385, 6.654664993286133, 6.441819667816162, 0.0, 6.471959114074707, 6.005359649658203], [5.938986778259277, 5.816717624664307, 6.4055304527282715, 5.47560453414917, 5.780287265777588, 6.170910358428955, 5.833446502685547, 0.0, 5.842387676239014, 5.906967639923096, 6.471959114074707, 0.0, 6.099308967590332], [6.222141265869141, 6.107354164123535, 6.201332092285156, 5.5396623611450195, 6.0489182472229, 5.912320137023926, 6.5640387535095215, 6.088172435760498, 6.7282209396362305, 6.782663822174072, 6.005359649658203, 6.099308967590332, 0.0]]

Graph 10:
  Nodes: [[0.9089249968528748], [0.6800475120544434], [-0.6258800625801086], [1.1195183992385864], [0.31446874141693115], [0.9169001579284668], [0.10290729999542236], [0.45781832933425903], [0.9995424151420593], [0.6699360609054565], [1.0370897054672241], [0.003586205653846264], [0.18950456380844116], [0.1380833238363266], [-0.04704534262418747], [-0.44173410534858704], [0.5660778284072876], [1.0920169353485107], [-0.3095354437828064], [0.7994500398635864]]
  Edges:
[[0.0, 5.213103771209717, 6.939061641693115, 5.782856464385986, 5.9458537101745605, 5.956141948699951, 5.559003829956055, 6.085452079772949, 6.9624481201171875, 5.984314918518066, 5.286800384521484, 5.700159549713135, 5.868266582489014, 5.970273971557617, 6.755703926086426, 6.598448276519775, 5.832198143005371, 6.037361145019531, 5.982741832733154, 6.252270221710205], [5.213103771209717, 0.0, 5.686304092407227, 0.0, 6.810412406921387, 6.180418968200684, 6.392947673797607, 5.312319755554199, 5.649353504180908, 0.0, 5.718514442443848, 5.5159077644348145, 0.0, 6.282005310058594, 6.362617015838623, 5.115366458892822, 5.626430511474609, 6.659899711608887, 6.12404727935791, 0.0], [6.939061641693115, 5.686304092407227, 0.0, 5.8767194747924805, 6.282026767730713, 6.738142490386963, 5.409300804138184, 6.339930057525635, 0.0, 5.942524433135986, 6.15057897567749, 4.954841136932373, 5.592523097991943, 5.229765892028809, 5.93531608581543, 5.953397750854492, 5.690047264099121, 5.550123691558838, 0.0, 5.283507823944092], [5.782856464385986, 0.0, 5.8767194747924805, 0.0, 5.863096714019775, 5.027055263519287, 6.5945844650268555, 5.040378570556641, 5.58707332611084, 6.127231597900391, 5.89894437789917, 6.929382801055908, 6.183918476104736, 5.98646879196167, 6.420876979827881, 5.9177045822143555, 6.190637588500977, 5.611069679260254, 5.536833763122559, 5.7598557472229], [5.9458537101745605, 6.810412406921387, 6.282026767730713, 5.863096714019775, 0.0, 6.14691686630249, 6.013522148132324, 6.039053440093994, 5.790630340576172, 5.725673198699951, 5.6247029304504395, 6.547145366668701, 6.507384300231934, 5.777901649475098, 5.396435260772705, 5.5401291847229, 6.225696563720703, 5.738129138946533, 5.917930603027344, 6.263680458068848], [5.956141948699951, 6.180418968200684, 6.738142490386963, 5.027055263519287, 6.14691686630249, 0.0, 6.105373382568359, 6.007987022399902, 6.2862868309021, 6.526004791259766, 6.102103233337402, 6.061460018157959, 6.144207954406738, 6.117405891418457, 6.192461967468262, 6.120952606201172, 6.637992858886719, 6.161116123199463, 6.456747531890869, 6.5194549560546875], [5.559003829956055, 6.392947673797607, 5.409300804138184, 6.5945844650268555, 6.013522148132324, 6.105373382568359, 0.0, 6.302480697631836, 5.924551963806152, 5.716118812561035, 5.403769493103027, 6.113328456878662, 6.261312961578369, 5.768868446350098, 6.033196926116943, 6.05147123336792, 5.704821586608887, 5.925466537475586, 6.330704689025879, 5.838699817657471], [6.085452079772949, 5.312319755554199, 6.339930057525635, 5.040378570556641, 6.039053440093994, 6.007987022399902, 6.302480697631836, 0.0, 5.874478340148926, 5.832106590270996, 5.577733039855957, 0.0, 6.501574993133545, 5.77590274810791, 5.922599792480469, 6.099854469299316, 0.0, 6.96411657333374, 6.0989861488342285, 6.332302570343018], [6.9624481201171875, 5.649353504180908, 0.0, 5.58707332611084, 5.790630340576172, 6.2862868309021, 5.924551963806152, 5.874478340148926, 0.0, 6.374377250671387, 5.158870697021484, 0.0, 5.5841569900512695, 0.0, 5.6461334228515625, 5.580761909484863, 5.596121311187744, 0.0, 6.2549309730529785, 5.784776210784912], [5.984314918518066, 0.0, 5.942524433135986, 6.127231597900391, 5.725673198699951, 6.526004791259766, 5.716118812561035, 5.832106590270996, 6.374377250671387, 0.0, 5.862687587738037, 6.171261310577393, 5.769156455993652, 5.9246392250061035, 0.0, 6.169961929321289, 5.7091145515441895, 5.588376522064209, 5.390429496765137, 5.793649196624756], [5.286800384521484, 5.718514442443848, 6.15057897567749, 5.89894437789917, 5.6247029304504395, 6.102103233337402, 5.403769493103027, 5.577733039855957, 5.158870697021484, 5.862687587738037, 0.0, 6.145001411437988, 6.476307392120361, 5.703439712524414, 6.112229824066162, 5.7663679122924805, 6.279558181762695, 6.089513778686523, 5.506119251251221, 6.083003520965576], [5.700159549713135, 5.5159077644348145, 4.954841136932373, 6.929382801055908, 6.547145366668701, 6.061460018157959, 6.113328456878662, 0.0, 0.0, 6.171261310577393, 6.145001411437988, 0.0, 6.277286529541016, 6.470834255218506, 5.804515361785889, 6.453951835632324, 5.915736198425293, 6.029755115509033, 6.588090896606445, 6.316744327545166], [5.868266582489014, 0.0, 5.592523097991943, 6.183918476104736, 6.507384300231934, 6.144207954406738, 6.261312961578369, 6.501574993133545, 5.5841569900512695, 5.769156455993652, 6.476307392120361, 6.277286529541016, 0.0, 6.324403762817383, 6.040489196777344, 6.118280410766602, 6.4816670417785645, 5.839726448059082, 6.354574680328369, 5.833160400390625], [5.970273971557617, 6.282005310058594, 5.229765892028809, 5.98646879196167, 5.777901649475098, 6.117405891418457, 5.768868446350098, 5.77590274810791, 0.0, 5.9246392250061035, 5.703439712524414, 6.470834255218506, 6.324403762817383, 0.0, 6.097354412078857, 5.941492557525635, 5.550656795501709, 6.292660713195801, 6.33589506149292, 5.789412498474121], [6.755703926086426, 6.362617015838623, 5.93531608581543, 6.420876979827881, 5.396435260772705, 6.192461967468262, 6.033196926116943, 5.922599792480469, 5.6461334228515625, 0.0, 6.112229824066162, 5.804515361785889, 6.040489196777344, 6.097354412078857, 0.0, 5.4117302894592285, 6.256740570068359, 6.019282341003418, 6.109553337097168, 5.060636520385742], [6.598448276519775, 5.115366458892822, 5.953397750854492, 5.9177045822143555, 5.5401291847229, 6.120952606201172, 6.05147123336792, 6.099854469299316, 5.580761909484863, 6.169961929321289, 5.7663679122924805, 6.453951835632324, 6.118280410766602, 5.941492557525635, 5.4117302894592285, 0.0, 5.613814830780029, 6.038424015045166, 5.729446887969971, 6.489017963409424], [5.832198143005371, 5.626430511474609, 5.690047264099121, 6.190637588500977, 6.225696563720703, 6.637992858886719, 5.704821586608887, 0.0, 5.596121311187744, 5.7091145515441895, 6.279558181762695, 5.915736198425293, 6.4816670417785645, 5.550656795501709, 6.256740570068359, 5.613814830780029, 0.0, 5.915315628051758, 5.700288772583008, 5.551111698150635], [6.037361145019531, 6.659899711608887, 5.550123691558838, 5.611069679260254, 5.738129138946533, 6.161116123199463, 5.925466537475586, 6.96411657333374, 0.0, 5.588376522064209, 6.089513778686523, 6.029755115509033, 5.839726448059082, 6.292660713195801, 6.019282341003418, 6.038424015045166, 5.915315628051758, 0.0, 6.355200290679932, 5.7975077629089355], [5.982741832733154, 6.12404727935791, 0.0, 5.536833763122559, 5.917930603027344, 6.456747531890869, 6.330704689025879, 6.0989861488342285, 6.2549309730529785, 5.390429496765137, 5.506119251251221, 6.588090896606445, 6.354574680328369, 6.33589506149292, 6.109553337097168, 5.729446887969971, 5.700288772583008, 6.355200290679932, 0.0, 5.838281631469727], [6.252270221710205, 0.0, 5.283507823944092, 5.7598557472229, 6.263680458068848, 6.5194549560546875, 5.838699817657471, 6.332302570343018, 5.784776210784912, 5.793649196624756, 6.083003520965576, 6.316744327545166, 5.833160400390625, 5.789412498474121, 5.060636520385742, 6.489017963409424, 5.551111698150635, 5.7975077629089355, 5.838281631469727, 0.0]]

