[
  [
    [
      0,
      28,
      4,
      4,
      49,
      75,
      98,
      13,
      99,
      80,
      30,
      52,
      71,
      68,
      7
    ],
    [
      28,
      0,
      20,
      5,
      79,
      55,
      46,
      38,
      94,
      55,
      75,
      42,
      13,
      74,
      59
    ],
    [
      4,
      20,
      0,
      7,
      35,
      45,
      87,
      68,
      1,
      19,
      92,
      93,
      86,
      65,
      56
    ],
    [
      4,
      5,
      7,
      0,
      48,
      3,
      74,
      33,
      54,
      81,
      16,
      81,
      17,
      91,
      18
    ],
    [
      49,
      79,
      35,
      48,
      0,
      24,
      62,
      62,
      19,
      89,
      18,
      36,
      25,
      67,
      20
    ],
    [
      75,
      55,
      45,
      3,
      24,
      0,
      87,
      53,
      21,
      57,
      10,
      53,
      91,
      49,
      30
    ],
    [
      98,
      46,
      87,
      74,
      62,
      87,
      0,
      2,
      1,
      57,
      87,
      66,
      51,
      39,
      8
    ],
    [
      13,
      38,
      68,
      33,
      62,
      53,
      2,
      0,
      39,
      46,
      85,
      42,
      41,
      16,
      72
    ],
    [
      99,
      94,
      1,
      54,
      19,
      21,
      1,
      39,
      0,
      65,
      77,
      64,
      60,
      23,
      14
    ],
    [
      80,
      55,
      19,
      81,
      89,
      57,
      57,
      46,
      65,
      0,
      83,
      69,
      56,
      67,
      89
    ],
    [
      30,
      75,
      92,
      16,
      18,
      10,
      87,
      85,
      77,
      83,
      0,
      70,
      75,
      5,
      47
    ],
    [
      52,
      42,
      93,
      81,
      36,
      53,
      66,
      42,
      64,
      69,
      70,
      0,
      38,
      99,
      50
    ],
    [
      71,
      13,
      86,
      17,
      25,
      91,
      51,
      41,
      60,
      56,
      75,
      38,
      0,
      55,
      85
    ],
    [
      68,
      74,
      65,
      91,
      67,
      49,
      39,
      16,
      23,
      67,
      5,
      99,
      55,
      0,
      1
    ],
    [
      7,
      59,
      56,
      18,
      20,
      30,
      8,
      72,
      14,
      89,
      47,
      50,
      85,
      1,
      0
    ]
  ],
  [
    [
      0,
      57,
      93,
      60,
      27,
      38,
      62,
      50,
      8,
      58,
      82,
      40,
      75,
      90,
      89,
      93,
      53,
      43,
      68,
      38
    ],
    [
      57,
      0,
      22,
      39,
      24,
      35,
      94,
      74,
      38,
      9,
      9,
      80,
      9,
      33,
      35,
      59,
      92,
      80,
      35,
      43
    ],
    [
      93,
      22,
      0,
      14,
      30,
      72,
      60,
      49,
      99,
      98,
      5,
      90,
      79,
      97,
      59,
      52,
      68,
      33,
      50,
      45
    ],
    [
      60,
      39,
      14,
      0,
      27,
      71,
      33,
      39,
      11,
      49,
      40,
      37,
      43,
      4,
      22,
      38,
      19,
      72,
      16,
      6
    ],
    [
      27,
      24,
      30,
      27,
      0,
      11,
      36,
      18,
      62,
      27,
      52,
      88,
      7,
      4,
      6,
      87,
      55,
      35,
      86,
      48
    ],
    [
      38,
      35,
      72,
      71,
      11,
      0,
      18,
      48,
      100,
      91,
      21,
      76,
      71,
      11,
      39,
      86,
      40,
      73,
      49,
      62
    ],
    [
      62,
      94,
      60,
      33,
      36,
      18,
      0,
      17,
      54,
      24,
      62,
      95,
      76,
      93,
      73,
      53,
      49,
      34,
      51,
      5
    ],
    [
      50,
      74,
      49,
      39,
      18,
      48,
      17,
      0,
      15,
      49,
      18,
      96,
      23,
      26,
      75,
      74,
      71,
      78,
      5,
      22
    ],
    [
      8,
      38,
      99,
      11,
      62,
      100,
      54,
      15,
      0,
      52,
      33,
      81,
      49,
      46,
      3,
      66,
      94,
      23,
      97,
      96
    ],
    [
      58,
      9,
      98,
      49,
      27,
      91,
      24,
      49,
      52,
      0,
      50,
      91,
      76,
      21,
      87,
      85,
      71,
      99,
      61,
      77
    ],
    [
      82,
      9,
      5,
      40,
      52,
      21,
      62,
      18,
      33,
      50,
      0,
      94,
      53,
      81,
      69,
      90,
      73,
      69,
      86,
      94
    ],
    [
      40,
      80,
      90,
      37,
      88,
      76,
      95,
      96,
      81,
      91,
      94,
      0,
      66,
      35,
      25,
      13,
      46,
      51,
      97,
      26
    ],
    [
      75,
      9,
      79,
      43,
      7,
      71,
      76,
      23,
      49,
      76,
      53,
      66,
      0,
      14,
      93,
      81,
      84,
      46,
      34,
      46
    ],
    [
      90,
      33,
      97,
      4,
      4,
      11,
      93,
      26,
      46,
      21,
      81,
      35,
      14,
      0,
      90,
      76,
      45,
      48,
      66,
      38
    ],
    [
      89,
      35,
      59,
      22,
      6,
      39,
      73,
      75,
      3,
      87,
      69,
      25,
      93,
      90,
      0,
      63,
      54,
      77,
      69,
      81
    ],
    [
      93,
      59,
      52,
      38,
      87,
      86,
      53,
      74,
      66,
      85,
      90,
      13,
      81,
      76,
      63,
      0,
      13,
      42,
      71,
      16
    ],
    [
      53,
      92,
      68,
      19,
      55,
      40,
      49,
      71,
      94,
      71,
      73,
      46,
      84,
      45,
      54,
      13,
      0,
      61,
      7,
      22
    ],
    [
      43,
      80,
      33,
      72,
      35,
      73,
      34,
      78,
      23,
      99,
      69,
      51,
      46,
      48,
      77,
      42,
      61,
      0,
      23,
      12
    ],
    [
      68,
      35,
      50,
      16,
      86,
      49,
      51,
      5,
      97,
      61,
      86,
      97,
      34,
      66,
      69,
      71,
      7,
      23,
      0,
      73
    ],
    [
      38,
      43,
      45,
      6,
      48,
      62,
      5,
      22,
      96,
      77,
      94,
      26,
      46,
      38,
      81,
      16,
      22,
      12,
      73,
      0
    ]
  ],
  [
    [
      0,
      43,
      69,
      34,
      32,
      76,
      17,
      14,
      38,
      24,
      22,
      44
    ],
    [
      43,
      0,
      32,
      59,
      21,
      79,
      55,
      79,
      48,
      8,
      67,
      4
    ],
    [
      69,
      32,
      0,
      82,
      13,
      8,
      10,
      51,
      31,
      90,
      9,
      37
    ],
    [
      34,
      59,
      82,
      0,
      7,
      62,
      50,
      88,
      56,
      63,
      46,
      12
    ],
    [
      32,
      21,
      13,
      7,
      0,
      77,
      81,
      82,
      7,
      93,
      24,
      89
    ],
    [
      76,
      79,
      8,
      62,
      77,
      0,
      41,
      87,
      88,
      72,
      24,
      87
    ],
    [
      17,
      55,
      10,
      50,
      81,
      41,
      0,
      72,
      93,
      85,
      34,
      95
    ],
    [
      14,
      79,
      51,
      88,
      82,
      87,
      72,
      0,
      87,
      11,
      55,
      43
    ],
    [
      38,
      48,
      31,
      56,
      7,
      88,
      93,
      87,
      0,
      13,
      24,
      74
    ],
    [
      24,
      8,
      90,
      63,
      93,
      72,
      85,
      11,
      13,
      0,
      48,
      60
    ],
    [
      22,
      67,
      9,
      46,
      24,
      24,
      34,
      55,
      24,
      48,
      0,
      38
    ],
    [
      44,
      4,
      37,
      12,
      89,
      87,
      95,
      43,
      74,
      60,
      38,
      0
    ]
  ],
  [
    [
      0,
      98,
      53,
      9,
      18,
      15,
      75,
      29,
      80,
      10,
      18,
      23,
      25,
      20,
      35,
      7,
      44,
      35,
      97,
      82
    ],
    [
      98,
      0,
      80,
      80,
      57,
      96,
      29,
      6,
      26,
      44,
      26,
      19,
      7,
      73,
      50,
      6,
      62,
      70,
      52,
      27
    ],
    [
      53,
      80,
      0,
      59,
      95,
      63,
      8,
      24,
      5,
      44,
      98,
      96,
      83,
      59,
      73,
      7,
      16,
      78,
      77,
      26
    ],
    [
      9,
      80,
      59,
      0,
      6,
      17,
      75,
      54,
      68,
      4,
      42,
      95,
      37,
      66,
      72,
      88,
      73,
      91,
      91,
      56
    ],
    [
      18,
      57,
      95,
      6,
      0,
      16,
      94,
      7,
      33,
      21,
      79,
      22,
      24,
      37,
      5,
      50,
      91,
      12,
      10,
      59
    ],
    [
      15,
      96,
      63,
      17,
      16,
      0,
      51,
      12,
      74,
      15,
      11,
      52,
      99,
      48,
      71,
      95,
      87,
      82,
      37,
      81
    ],
    [
      75,
      29,
      8,
      75,
      94,
      51,
      0,
      33,
      98,
      87,
      47,
      77,
      26,
      18,
      10,
      30,
      24,
      5,
      39,
      96
    ],
    [
      29,
      6,
      24,
      54,
      7,
      12,
      33,
      0,
      67,
      39,
      49,
      86,
      55,
      92,
      39,
      41,
      77,
      98,
      56,
      77
    ],
    [
      80,
      26,
      5,
      68,
      33,
      74,
      98,
      67,
      0,
      27,
      1,
      41,
      28,
      100,
      22,
      64,
      48,
      35,
      23,
      13
    ],
    [
      10,
      44,
      44,
      4,
      21,
      15,
      87,
      39,
      27,
      0,
      34,
      78,
      12,
      57,
      20,
      17,
      82,
      34,
      3,
      97
    ],
    [
      18,
      26,
      98,
      42,
      79,
      11,
      47,
      49,
      1,
      34,
      0,
      40,
      6,
      10,
      34,
      36,
      22,
      60,
      86,
      32
    ],
    [
      23,
      19,
      96,
      95,
      22,
      52,
      77,
      86,
      41,
      78,
      40,
      0,
      10,
      62,
      4,
      87,
      26,
      35,
      40,
      29
    ],
    [
      25,
      7,
      83,
      37,
      24,
      99,
      26,
      55,
      28,
      12,
      6,
      10,
      0,
      61,
      23,
      29,
      55,
      99,
      48,
      28
    ],
    [
      20,
      73,
      59,
      66,
      37,
      48,
      18,
      92,
      100,
      57,
      10,
      62,
      61,
      0,
      74,
      7,
      34,
      14,
      94,
      100
    ],
    [
      35,
      50,
      73,
      72,
      5,
      71,
      10,
      39,
      22,
      20,
      34,
      4,
      23,
      74,
      0,
      12,
      2,
      14,
      1,
      65
    ],
    [
      7,
      6,
      7,
      88,
      50,
      95,
      30,
      41,
      64,
      17,
      36,
      87,
      29,
      7,
      12,
      0,
      45,
      65,
      77,
      42
    ],
    [
      44,
      62,
      16,
      73,
      91,
      87,
      24,
      77,
      48,
      82,
      22,
      26,
      55,
      34,
      2,
      45,
      0,
      46,
      82,
      7
    ],
    [
      35,
      70,
      78,
      91,
      12,
      82,
      5,
      98,
      35,
      34,
      60,
      35,
      99,
      14,
      14,
      65,
      46,
      0,
      39,
      51
    ],
    [
      97,
      52,
      77,
      91,
      10,
      37,
      39,
      56,
      23,
      3,
      86,
      40,
      48,
      94,
      1,
      77,
      82,
      39,
      0,
      20
    ],
    [
      82,
      27,
      26,
      56,
      59,
      81,
      96,
      77,
      13,
      97,
      32,
      29,
      28,
      100,
      65,
      42,
      7,
      51,
      20,
      0
    ]
  ],
  [
    [
      0,
      19,
      66,
      1,
      43,
      33,
      31,
      31,
      62,
      25,
      7,
      41
    ],
    [
      19,
      0,
      65,
      37,
      23,
      27,
      5,
      7,
      10,
      49,
      90,
      18
    ],
    [
      66,
      65,
      0,
      6,
      42,
      91,
      19,
      46,
      17,
      3,
      86,
      60
    ],
    [
      1,
      37,
      6,
      0,
      98,
      94,
      88,
      5,
      53,
      16,
      12,
      72
    ],
    [
      43,
      23,
      42,
      98,
      0,
      26,
      58,
      60,
      3,
      76,
      45,
      41
    ],
    [
      33,
      27,
      91,
      94,
      26,
      0,
      77,
      79,
      86,
      77,
      27,
      48
    ],
    [
      31,
      5,
      19,
      88,
      58,
      77,
      0,
      55,
      9,
      37,
      20,
      61
    ],
    [
      31,
      7,
      46,
      5,
      60,
      79,
      55,
      0,
      99,
      22,
      83,
      48
    ],
    [
      62,
      10,
      17,
      53,
      3,
      86,
      9,
      99,
      0,
      47,
      32,
      49
    ],
    [
      25,
      49,
      3,
      16,
      76,
      77,
      37,
      22,
      47,
      0,
      6,
      57
    ],
    [
      7,
      90,
      86,
      12,
      45,
      27,
      20,
      83,
      32,
      6,
      0,
      40
    ],
    [
      41,
      18,
      60,
      72,
      41,
      48,
      61,
      48,
      49,
      57,
      40,
      0
    ]
  ],
  [
    [
      0,
      13,
      55,
      58,
      12
    ],
    [
      13,
      0,
      40,
      9,
      85
    ],
    [
      55,
      40,
      0,
      20,
      4
    ],
    [
      58,
      9,
      20,
      0,
      73
    ],
    [
      12,
      85,
      4,
      73,
      0
    ]
  ],
  [
    [
      0,
      8,
      18,
      76,
      42,
      25,
      8,
      83,
      56,
      48,
      49,
      41,
      21,
      54,
      24,
      19,
      25,
      67
    ],
    [
      8,
      0,
      96,
      76,
      40,
      51,
      80,
      8,
      41,
      21,
      63,
      90,
      71,
      72,
      95,
      61,
      52,
      86
    ],
    [
      18,
      96,
      0,
      44,
      68,
      78,
      26,
      19,
      40,
      44,
      87,
      14,
      8,
      27,
      27,
      95,
      85,
      98
    ],
    [
      76,
      76,
      44,
      0,
      66,
      32,
      31,
      64,
      37,
      52,
      63,
      99,
      45,
      9,
      66,
      62,
      25,
      67
    ],
    [
      42,
      40,
      68,
      66,
      0,
      84,
      50,
      16,
      26,
      60,
      54,
      79,
      92,
      69,
      12,
      34,
      11,
      28
    ],
    [
      25,
      51,
      78,
      32,
      84,
      0,
      39,
      53,
      22,
      98,
      74,
      37,
      52,
      12,
      57,
      68,
      51,
      45
    ],
    [
      8,
      80,
      26,
      31,
      50,
      39,
      0,
      46,
      82,
      46,
      14,
      47,
      34,
      76,
      43,
      65,
      89,
      47
    ],
    [
      83,
      8,
      19,
      64,
      16,
      53,
      46,
      0,
      93,
      1,
      2,
      11,
      3,
      60,
      62,
      69,
      33,
      5
    ],
    [
      56,
      41,
      40,
      37,
      26,
      22,
      82,
      93,
      0,
      45,
      91,
      3,
      26,
      85,
      81,
      96,
      51,
      85
    ],
    [
      48,
      21,
      44,
      52,
      60,
      98,
      46,
      1,
      45,
      0,
      34,
      99,
      19,
      62,
      1,
      80,
      25,
      91
    ],
    [
      49,
      63,
      87,
      63,
      54,
      74,
      14,
      2,
      91,
      34,
      0,
      16,
      6,
      74,
      79,
      77,
      10,
      32
    ],
    [
      41,
      90,
      14,
      99,
      79,
      37,
      47,
      11,
      3,
      99,
      16,
      0,
      11,
      25,
      25,
      24,
      73,
      43
    ],
    [
      21,
      71,
      8,
      45,
      92,
      52,
      34,
      3,
      26,
      19,
      6,
      11,
      0,
      32,
      17,
      9,
      69,
      19
    ],
    [
      54,
      72,
      27,
      9,
      69,
      12,
      76,
      60,
      85,
      62,
      74,
      25,
      32,
      0,
      17,
      41,
      34,
      5
    ],
    [
      24,
      95,
      27,
      66,
      12,
      57,
      43,
      62,
      81,
      1,
      79,
      25,
      17,
      17,
      0,
      44,
      18,
      10
    ],
    [
      19,
      61,
      95,
      62,
      34,
      68,
      65,
      69,
      96,
      80,
      77,
      24,
      9,
      41,
      44,
      0,
      87,
      46
    ],
    [
      25,
      52,
      85,
      25,
      11,
      51,
      89,
      33,
      51,
      25,
      10,
      73,
      69,
      34,
      18,
      87,
      0,
      89
    ],
    [
      67,
      86,
      98,
      67,
      28,
      45,
      47,
      5,
      85,
      91,
      32,
      43,
      19,
      5,
      10,
      46,
      89,
      0
    ]
  ],
  [
    [
      0,
      61,
      44,
      97,
      77,
      99,
      15,
      95,
      97,
      13,
      8,
      88,
      41,
      52
    ],
    [
      61,
      0,
      100,
      89,
      35,
      1,
      79,
      97,
      67,
      56,
      55,
      43,
      15,
      33
    ],
    [
      44,
      100,
      0,
      7,
      52,
      15,
      90,
      98,
      25,
      42,
      70,
      92,
      13,
      71
    ],
    [
      97,
      89,
      7,
      0,
      57,
      12,
      14,
      2,
      57,
      2,
      55,
      29,
      18,
      50
    ],
    [
      77,
      35,
      52,
      57,
      0,
      75,
      67,
      31,
      45,
      40,
      17,
      28,
      46,
      22
    ],
    [
      99,
      1,
      15,
      12,
      75,
      0,
      68,
      100,
      44,
      16,
      95,
      45,
      16,
      47
    ],
    [
      15,
      79,
      90,
      14,
      67,
      68,
      0,
      65,
      57,
      39,
      85,
      94,
      52,
      4
    ],
    [
      95,
      97,
      98,
      2,
      31,
      100,
      65,
      0,
      9,
      41,
      97,
      61,
      14,
      1
    ],
    [
      97,
      67,
      25,
      57,
      45,
      44,
      57,
      9,
      0,
      59,
      14,
      17,
      75,
      82
    ],
    [
      13,
      56,
      42,
      2,
      40,
      16,
      39,
      41,
      59,
      0,
      50,
      87,
      52,
      12
    ],
    [
      8,
      55,
      70,
      55,
      17,
      95,
      85,
      97,
      14,
      50,
      0,
      67,
      41,
      58
    ],
    [
      88,
      43,
      92,
      29,
      28,
      45,
      94,
      61,
      17,
      87,
      67,
      0,
      95,
      20
    ],
    [
      41,
      15,
      13,
      18,
      46,
      16,
      52,
      14,
      75,
      52,
      41,
      95,
      0,
      63
    ],
    [
      52,
      33,
      71,
      50,
      22,
      47,
      4,
      1,
      82,
      12,
      58,
      20,
      63,
      0
    ]
  ],
  [
    [
      0,
      4,
      51,
      73,
      49
    ],
    [
      4,
      0,
      7,
      99,
      56
    ],
    [
      51,
      7,
      0,
      41,
      61
    ],
    [
      73,
      99,
      41,
      0,
      9
    ],
    [
      49,
      56,
      61,
      9,
      0
    ]
  ],
  [
    [
      0,
      54,
      47,
      37,
      34,
      58,
      39,
      62,
      62,
      99
    ],
    [
      54,
      0,
      60,
      95,
      66,
      7,
      89,
      57,
      11,
      9
    ],
    [
      47,
      60,
      0,
      9,
      31,
      91,
      49,
      20,
      89,
      62
    ],
    [
      37,
      95,
      9,
      0,
      61,
      70,
      56,
      35,
      60,
      95
    ],
    [
      34,
      66,
      31,
      61,
      0,
      85,
      43,
      66,
      8,
      50
    ],
    [
      58,
      7,
      91,
      70,
      85,
      0,
      68,
      8,
      38,
      90
    ],
    [
      39,
      89,
      49,
      56,
      43,
      68,
      0,
      76,
      95,
      6
    ],
    [
      62,
      57,
      20,
      35,
      66,
      8,
      76,
      0,
      11,
      45
    ],
    [
      62,
      11,
      89,
      60,
      8,
      38,
      95,
      11,
      0,
      81
    ],
    [
      99,
      9,
      62,
      95,
      50,
      90,
      6,
      45,
      81,
      0
    ]
  ],
  [
    [
      0,
      62,
      98,
      55,
      61,
      80,
      17
    ],
    [
      62,
      0,
      24,
      25,
      74,
      92,
      77
    ],
    [
      98,
      24,
      0,
      75,
      87,
      75,
      60
    ],
    [
      55,
      25,
      75,
      0,
      81,
      54,
      72
    ],
    [
      61,
      74,
      87,
      81,
      0,
      63,
      4
    ],
    [
      80,
      92,
      75,
      54,
      63,
      0,
      20
    ],
    [
      17,
      77,
      60,
      72,
      4,
      20,
      0
    ]
  ],
  [
    [
      0,
      98,
      81,
      38,
      46,
      19,
      15,
      98,
      33,
      33,
      84,
      52,
      53,
      73,
      8,
      23,
      71,
      11
    ],
    [
      98,
      0,
      55,
      45,
      60,
      68,
      24,
      67,
      56,
      66,
      17,
      84,
      83,
      44,
      59,
      24,
      27,
      66
    ],
    [
      81,
      55,
      0,
      85,
      40,
      61,
      15,
      82,
      81,
      90,
      80,
      18,
      50,
      21,
      83,
      68,
      19,
      16
    ],
    [
      38,
      45,
      85,
      0,
      69,
      34,
      20,
      81,
      3,
      22,
      84,
      42,
      42,
      16,
      73,
      79,
      84,
      2
    ],
    [
      46,
      60,
      40,
      69,
      0,
      19,
      85,
      74,
      3,
      9,
      58,
      43,
      73,
      41,
      66,
      5,
      67,
      28
    ],
    [
      19,
      68,
      61,
      34,
      19,
      0,
      89,
      14,
      55,
      83,
      54,
      34,
      40,
      68,
      16,
      5,
      18,
      30
    ],
    [
      15,
      24,
      15,
      20,
      85,
      89,
      0,
      58,
      98,
      19,
      42,
      60,
      12,
      33,
      48,
      29,
      28,
      47
    ],
    [
      98,
      67,
      82,
      81,
      74,
      14,
      58,
      0,
      24,
      17,
      80,
      5,
      62,
      37,
      50,
      97,
      16,
      32
    ],
    [
      33,
      56,
      81,
      3,
      3,
      55,
      98,
      24,
      0,
      28,
      30,
      12,
      39,
      51,
      89,
      9,
      98,
      34
    ],
    [
      33,
      66,
      90,
      22,
      9,
      83,
      19,
      17,
      28,
      0,
      11,
      66,
      97,
      69,
      42,
      73,
      72,
      74
    ],
    [
      84,
      17,
      80,
      84,
      58,
      54,
      42,
      80,
      30,
      11,
      0,
      4,
      9,
      87,
      76,
      96,
      83,
      11
    ],
    [
      52,
      84,
      18,
      42,
      43,
      34,
      60,
      5,
      12,
      66,
      4,
      0,
      73,
      47,
      53,
      50,
      74,
      7
    ],
    [
      53,
      83,
      50,
      42,
      73,
      40,
      12,
      62,
      39,
      97,
      9,
      73,
      0,
      3,
      39,
      74,
      25,
      85
    ],
    [
      73,
      44,
      21,
      16,
      41,
      68,
      33,
      37,
      51,
      69,
      87,
      47,
      3,
      0,
      70,
      67,
      25,
      74
    ],
    [
      8,
      59,
      83,
      73,
      66,
      16,
      48,
      50,
      89,
      42,
      76,
      53,
      39,
      70,
      0,
      62,
      18,
      48
    ],
    [
      23,
      24,
      68,
      79,
      5,
      5,
      29,
      97,
      9,
      73,
      96,
      50,
      74,
      67,
      62,
      0,
      46,
      58
    ],
    [
      71,
      27,
      19,
      84,
      67,
      18,
      28,
      16,
      98,
      72,
      83,
      74,
      25,
      25,
      18,
      46,
      0,
      29
    ],
    [
      11,
      66,
      16,
      2,
      28,
      30,
      47,
      32,
      34,
      74,
      11,
      7,
      85,
      74,
      48,
      58,
      29,
      0
    ]
  ],
  [
    [
      0,
      28,
      84,
      67,
      9,
      98,
      72,
      17,
      62,
      6,
      42,
      48
    ],
    [
      28,
      0,
      55,
      31,
      76,
      15,
      15,
      26,
      9,
      7,
      74,
      57
    ],
    [
      84,
      55,
      0,
      12,
      59,
      4,
      59,
      9,
      66,
      72,
      38,
      68
    ],
    [
      67,
      31,
      12,
      0,
      87,
      62,
      79,
      55,
      15,
      93,
      19,
      10
    ],
    [
      9,
      76,
      59,
      87,
      0,
      1,
      62,
      32,
      33,
      95,
      26,
      1
    ],
    [
      98,
      15,
      4,
      62,
      1,
      0,
      40,
      36,
      45,
      71,
      31,
      44
    ],
    [
      72,
      15,
      59,
      79,
      62,
      40,
      0,
      78,
      55,
      18,
      12,
      35
    ],
    [
      17,
      26,
      9,
      55,
      32,
      36,
      78,
      0,
      24,
      37,
      56,
      29
    ],
    [
      62,
      9,
      66,
      15,
      33,
      45,
      55,
      24,
      0,
      100,
      84,
      36
    ],
    [
      6,
      7,
      72,
      93,
      95,
      71,
      18,
      37,
      100,
      0,
      83,
      98
    ],
    [
      42,
      74,
      38,
      19,
      26,
      31,
      12,
      56,
      84,
      83,
      0,
      87
    ],
    [
      48,
      57,
      68,
      10,
      1,
      44,
      35,
      29,
      36,
      98,
      87,
      0
    ]
  ],
  [
    [
      0,
      68,
      71,
      23,
      69,
      61,
      19,
      17,
      29,
      82,
      49,
      58,
      54
    ],
    [
      68,
      0,
      26,
      37,
      99,
      72,
      57,
      65,
      5,
      31,
      76,
      49,
      13
    ],
    [
      71,
      26,
      0,
      86,
      20,
      41,
      68,
      44,
      50,
      99,
      33,
      37,
      3
    ],
    [
      23,
      37,
      86,
      0,
      49,
      100,
      16,
      38,
      41,
      17,
      18,
      60,
      21
    ],
    [
      69,
      99,
      20,
      49,
      0,
      20,
      11,
      41,
      5,
      87,
      82,
      30,
      68
    ],
    [
      61,
      72,
      41,
      100,
      20,
      0,
      66,
      20,
      32,
      40,
      52,
      57,
      2
    ],
    [
      19,
      57,
      68,
      16,
      11,
      66,
      0,
      27,
      36,
      52,
      71,
      85,
      59
    ],
    [
      17,
      65,
      44,
      38,
      41,
      20,
      27,
      0,
      20,
      38,
      24,
      2,
      85
    ],
    [
      29,
      5,
      50,
      41,
      5,
      32,
      36,
      20,
      0,
      31,
      58,
      31,
      93
    ],
    [
      82,
      31,
      99,
      17,
      87,
      40,
      52,
      38,
      31,
      0,
      25,
      40,
      95
    ],
    [
      49,
      76,
      33,
      18,
      82,
      52,
      71,
      24,
      58,
      25,
      0,
      51,
      34
    ],
    [
      58,
      49,
      37,
      60,
      30,
      57,
      85,
      2,
      31,
      40,
      51,
      0,
      59
    ],
    [
      54,
      13,
      3,
      21,
      68,
      2,
      59,
      85,
      93,
      95,
      34,
      59,
      0
    ]
  ],
  [
    [
      0,
      77,
      96,
      22,
      52,
      34,
      72,
      83,
      84,
      50,
      81,
      20,
      12,
      94,
      46,
      45,
      15,
      55,
      10,
      37
    ],
    [
      77,
      0,
      28,
      20,
      27,
      79,
      39,
      81,
      31,
      60,
      95,
      14,
      91,
      100,
      19,
      63,
      81,
      4,
      55,
      52
    ],
    [
      96,
      28,
      0,
      1,
      12,
      6,
      28,
      30,
      95,
      28,
      43,
      52,
      11,
      50,
      44,
      32,
      95,
      40,
      62,
      25
    ],
    [
      22,
      20,
      1,
      0,
      97,
      13,
      9,
      46,
      26,
      43,
      40,
      38,
      11,
      11,
      57,
      18,
      4,
      15,
      58,
      47
    ],
    [
      52,
      27,
      12,
      97,
      0,
      36,
      48,
      83,
      87,
      83,
      82,
      45,
      56,
      62,
      60,
      5,
      64,
      71,
      59,
      76
    ],
    [
      34,
      79,
      6,
      13,
      36,
      0,
      61,
      62,
      29,
      55,
      94,
      11,
      53,
      59,
      30,
      39,
      75,
      95,
      8,
      98
    ],
    [
      72,
      39,
      28,
      9,
      48,
      61,
      0,
      50,
      62,
      66,
      37,
      84,
      36,
      75,
      75,
      45,
      4,
      59,
      97,
      60
    ],
    [
      83,
      81,
      30,
      46,
      83,
      62,
      50,
      0,
      4,
      91,
      78,
      54,
      15,
      83,
      93,
      97,
      12,
      96,
      38,
      72
    ],
    [
      84,
      31,
      95,
      26,
      87,
      29,
      62,
      4,
      0,
      100,
      11,
      83,
      40,
      58,
      60,
      80,
      18,
      10,
      61,
      99
    ],
    [
      50,
      60,
      28,
      43,
      83,
      55,
      66,
      91,
      100,
      0,
      57,
      24,
      13,
      78,
      72,
      50,
      93,
      95,
      14,
      98
    ],
    [
      81,
      95,
      43,
      40,
      82,
      94,
      37,
      78,
      11,
      57,
      0,
      81,
      10,
      10,
      49,
      14,
      79,
      39,
      56,
      2
    ],
    [
      20,
      14,
      52,
      38,
      45,
      11,
      84,
      54,
      83,
      24,
      81,
      0,
      28,
      36,
      61,
      97,
      75,
      62,
      10,
      26
    ],
    [
      12,
      91,
      11,
      11,
      56,
      53,
      36,
      15,
      40,
      13,
      10,
      28,
      0,
      96,
      68,
      26,
      23,
      60,
      50,
      90
    ],
    [
      94,
      100,
      50,
      11,
      62,
      59,
      75,
      83,
      58,
      78,
      10,
      36,
      96,
      0,
      12,
      72,
      92,
      91,
      69,
      12
    ],
    [
      46,
      19,
      44,
      57,
      60,
      30,
      75,
      93,
      60,
      72,
      49,
      61,
      68,
      12,
      0,
      46,
      14,
      60,
      61,
      7
    ],
    [
      45,
      63,
      32,
      18,
      5,
      39,
      45,
      97,
      80,
      50,
      14,
      97,
      26,
      72,
      46,
      0,
      31,
      83,
      51,
      80
    ],
    [
      15,
      81,
      95,
      4,
      64,
      75,
      4,
      12,
      18,
      93,
      79,
      75,
      23,
      92,
      14,
      31,
      0,
      75,
      6,
      26
    ],
    [
      55,
      4,
      40,
      15,
      71,
      95,
      59,
      96,
      10,
      95,
      39,
      62,
      60,
      91,
      60,
      83,
      75,
      0,
      66,
      95
    ],
    [
      10,
      55,
      62,
      58,
      59,
      8,
      97,
      38,
      61,
      14,
      56,
      10,
      50,
      69,
      61,
      51,
      6,
      66,
      0,
      13
    ],
    [
      37,
      52,
      25,
      47,
      76,
      98,
      60,
      72,
      99,
      98,
      2,
      26,
      90,
      12,
      7,
      80,
      26,
      95,
      13,
      0
    ]
  ],
  [
    [
      0,
      83,
      89,
      63,
      46,
      23,
      64,
      89,
      28
    ],
    [
      83,
      0,
      80,
      25,
      52,
      77,
      84,
      54,
      77
    ],
    [
      89,
      80,
      0,
      94,
      89,
      23,
      5,
      78,
      73
    ],
    [
      63,
      25,
      94,
      0,
      76,
      12,
      29,
      48,
      54
    ],
    [
      46,
      52,
      89,
      76,
      0,
      44,
      46,
      86,
      50
    ],
    [
      23,
      77,
      23,
      12,
      44,
      0,
      93,
      64,
      64
    ],
    [
      64,
      84,
      5,
      29,
      46,
      93,
      0,
      51,
      70
    ],
    [
      89,
      54,
      78,
      48,
      86,
      64,
      51,
      0,
      18
    ],
    [
      28,
      77,
      73,
      54,
      50,
      64,
      70,
      18,
      0
    ]
  ],
  [
    [
      0,
      31,
      70,
      91,
      35,
      45,
      84,
      25,
      94,
      58,
      58,
      64,
      72,
      12
    ],
    [
      31,
      0,
      25,
      54,
      72,
      16,
      49,
      50,
      91,
      32,
      95,
      85,
      74,
      78
    ],
    [
      70,
      25,
      0,
      49,
      23,
      35,
      61,
      90,
      56,
      83,
      33,
      38,
      52,
      76
    ],
    [
      91,
      54,
      49,
      0,
      84,
      77,
      82,
      6,
      54,
      44,
      69,
      41,
      21,
      95
    ],
    [
      35,
      72,
      23,
      84,
      0,
      6,
      60,
      11,
      74,
      6,
      60,
      35,
      42,
      16
    ],
    [
      45,
      16,
      35,
      77,
      6,
      0,
      38,
      47,
      85,
      96,
      11,
      84,
      36,
      15
    ],
    [
      84,
      49,
      61,
      82,
      60,
      38,
      0,
      58,
      27,
      52,
      64,
      99,
      74,
      49
    ],
    [
      25,
      50,
      90,
      6,
      11,
      47,
      58,
      0,
      20,
      26,
      96,
      24,
      85,
      35
    ],
    [
      94,
      91,
      56,
      54,
      74,
      85,
      27,
      20,
      0,
      31,
      7,
      54,
      65,
      100
    ],
    [
      58,
      32,
      83,
      44,
      6,
      96,
      52,
      26,
      31,
      0,
      9,
      17,
      54,
      90
    ],
    [
      58,
      95,
      33,
      69,
      60,
      11,
      64,
      96,
      7,
      9,
      0,
      41,
      91,
      81
    ],
    [
      64,
      85,
      38,
      41,
      35,
      84,
      99,
      24,
      54,
      17,
      41,
      0,
      13,
      78
    ],
    [
      72,
      74,
      52,
      21,
      42,
      36,
      74,
      85,
      65,
      54,
      91,
      13,
      0,
      1
    ],
    [
      12,
      78,
      76,
      95,
      16,
      15,
      49,
      35,
      100,
      90,
      81,
      78,
      1,
      0
    ]
  ],
  [
    [
      0,
      19,
      80,
      20,
      32,
      59,
      26,
      86,
      21,
      92,
      17,
      44,
      17,
      27,
      34
    ],
    [
      19,
      0,
      71,
      42,
      74,
      77,
      19,
      91,
      40,
      88,
      95,
      23,
      57,
      46,
      80
    ],
    [
      80,
      71,
      0,
      57,
      69,
      75,
      55,
      74,
      30,
      30,
      40,
      70,
      44,
      5,
      27
    ],
    [
      20,
      42,
      57,
      0,
      28,
      50,
      1,
      35,
      32,
      1,
      75,
      97,
      95,
      54,
      57
    ],
    [
      32,
      74,
      69,
      28,
      0,
      52,
      51,
      44,
      98,
      7,
      28,
      86,
      89,
      81,
      45
    ],
    [
      59,
      77,
      75,
      50,
      52,
      0,
      19,
      59,
      48,
      38,
      43,
      33,
      46,
      22,
      59
    ],
    [
      26,
      19,
      55,
      1,
      51,
      19,
      0,
      27,
      65,
      91,
      98,
      1,
      19,
      73,
      15
    ],
    [
      86,
      91,
      74,
      35,
      44,
      59,
      27,
      0,
      25,
      83,
      86,
      59,
      48,
      89,
      66
    ],
    [
      21,
      40,
      30,
      32,
      98,
      48,
      65,
      25,
      0,
      3,
      46,
      15,
      48,
      19,
      87
    ],
    [
      92,
      88,
      30,
      1,
      7,
      38,
      91,
      83,
      3,
      0,
      8,
      36,
      52,
      75,
      82
    ],
    [
      17,
      95,
      40,
      75,
      28,
      43,
      98,
      86,
      46,
      8,
      0,
      11,
      26,
      97,
      1
    ],
    [
      44,
      23,
      70,
      97,
      86,
      33,
      1,
      59,
      15,
      36,
      11,
      0,
      14,
      77,
      57
    ],
    [
      17,
      57,
      44,
      95,
      89,
      46,
      19,
      48,
      48,
      52,
      26,
      14,
      0,
      29,
      6
    ],
    [
      27,
      46,
      5,
      54,
      81,
      22,
      73,
      89,
      19,
      75,
      97,
      77,
      29,
      0,
      83
    ],
    [
      34,
      80,
      27,
      57,
      45,
      59,
      15,
      66,
      87,
      82,
      1,
      57,
      6,
      83,
      0
    ]
  ],
  [
    [
      0,
      59,
      31,
      46,
      86,
      26,
      67,
      23,
      64,
      43
    ],
    [
      59,
      0,
      52,
      97,
      76,
      100,
      57,
      86,
      99,
      91
    ],
    [
      31,
      52,
      0,
      92,
      63,
      81,
      29,
      55,
      61,
      80
    ],
    [
      46,
      97,
      92,
      0,
      33,
      76,
      76,
      30,
      25,
      71
    ],
    [
      86,
      76,
      63,
      33,
      0,
      12,
      76,
      70,
      72,
      61
    ],
    [
      26,
      100,
      81,
      76,
      12,
      0,
      84,
      82,
      55,
      83
    ],
    [
      67,
      57,
      29,
      76,
      76,
      84,
      0,
      86,
      68,
      89
    ],
    [
      23,
      86,
      55,
      30,
      70,
      82,
      86,
      0,
      48,
      94
    ],
    [
      64,
      99,
      61,
      25,
      72,
      55,
      68,
      48,
      0,
      66
    ],
    [
      43,
      91,
      80,
      71,
      61,
      83,
      89,
      94,
      66,
      0
    ]
  ],
  [
    [
      0,
      41,
      8,
      30,
      4,
      54,
      22,
      55,
      1,
      88,
      26,
      44,
      18,
      49,
      99
    ],
    [
      41,
      0,
      10,
      68,
      31,
      3,
      29,
      54,
      86,
      92,
      95,
      91,
      15,
      85,
      49
    ],
    [
      8,
      10,
      0,
      35,
      12,
      22,
      78,
      20,
      97,
      43,
      17,
      9,
      38,
      25,
      86
    ],
    [
      30,
      68,
      35,
      0,
      69,
      59,
      100,
      3,
      67,
      42,
      85,
      83,
      52,
      90,
      9
    ],
    [
      4,
      31,
      12,
