N=27
X:
1 1 1 1 1 1 1 1 1 1 1 1 1 1 1 1 1 1 1 1 1 1 1 1 1 1 1
E:
0.000000 33.544044 46.823372 26.440369 37.450932 33.201546 21.834887 50.617233 48.194180 16.692217 49.412899 18.907722 38.151268 56.914368 59.486000 18.656956 33.803112 50.119003 55.480980 50.248703 39.852337 45.524887 28.526909 53.663193 10.998867 43.989140 53.246544
33.544044 0.000000 39.036476 15.036045 56.021057 38.897354 11.544942 44.431717 53.003761 11.910641 48.062477 26.173000 36.476360 53.191650 28.054628 29.506645 54.456448 44.694656 51.473507 36.541035 51.163940 29.980057 52.067116 38.508846 26.453110 46.854725 59.242874
46.823372 39.036476 0.000000 30.282030 10.918521 21.672895 50.410370 57.735168 43.419765 43.280746 29.181938 40.484894 28.263807 59.230556 47.976585 27.849752 32.877369 33.952721 45.891273 53.067520 32.051079 47.718639 35.001274 20.303480 33.598831 61.393059 39.736950
26.440369 15.036045 30.282030 0.000000 49.556980 34.590561 37.165756 20.568405 34.893803 39.320930 37.990654 32.009949 46.849197 20.115316 29.474998 40.093136 27.701546 31.548250 13.200329 33.227726 25.318535 41.900517 13.671928 46.105545 45.771828 14.466396 26.400772
37.450932 56.021057 10.918521 49.556980 0.000000 39.030964 22.128222 53.767242 54.172974 45.643581 38.352135 16.106148 31.929482 46.279625 34.992851 27.519581 36.743454 17.229898 40.008644 58.067238 43.986073 53.406960 55.740681 57.273193 55.508121 21.824797 41.717648
33.201546 38.897354 21.672895 34.590561 39.030964 0.000000 31.822155 44.590767 57.196716 39.387390 24.658850 55.698364 51.012634 51.975418 24.016340 45.354877 36.165764 52.574821 47.190414 17.330339 19.560720 30.807896 47.450676 41.702900 21.417723 46.169033 25.142174
21.834887 11.544942 50.410370 37.165756 22.128222 31.822155 0.000000 46.087856 12.659961 42.324680 28.757229 25.232738 43.142090 21.369610 44.349411 49.644123 26.560326 44.300491 37.201920 41.221146 40.749817 37.239433 18.574329 59.991150 43.129269 13.972301 59.123138
50.617233 44.431717 57.735168 20.568405 53.767242 44.590767 46.087856 0.000000 51.095043 21.883377 28.865492 50.893852 21.462376 51.149712 20.662458 54.953133 57.672363 37.314854 43.021034 52.031170 57.785019 29.513414 10.091246 52.526241 18.957756 31.369732 44.289936
48.194180 53.003761 43.419765 34.893803 54.172974 57.196716 12.659961 51.095043 0.000000 24.731079 29.350632 28.663958 27.849449 53.472153 42.823631 33.757549 9.900377 35.372398 38.681511 48.290592 50.625607 56.638294 33.591766 20.669621 36.512562 52.597198 35.353779
16.692217 11.910641 43.280746 39.320930 45.643581 39.387390 42.324680 21.883377 24.731079 0.000000 45.338974 39.815201 40.449875 16.705486 45.824974 22.563478 57.376499 58.800827 50.748528 42.536793 35.920330 54.406925 51.705212 16.320860 30.590206 45.459839 30.886782
49.412899 48.062477 29.181938 37.990654 38.352135 24.658850 28.757229 28.865492 29.350632 45.338974 0.000000 12.159870 35.451702 52.073868 50.640354 54.132965 15.271244 53.047215 56.354279 39.988113 25.771826 41.493362 55.161594 49.583057 44.723011 13.689036 56.607368
18.907722 26.173000 40.484894 32.009949 16.106148 55.698364 25.232738 50.893852 28.663958 39.815201 12.159870 0.000000 44.854847 10.218057 40.292820 35.852982 16.494862 28.104164 54.873108 21.311501 41.898094 44.238609 53.656830 19.093311 40.379333 41.296425 45.951122
38.151268 36.476360 28.263807 46.849197 31.929482 51.012634 43.142090 21.462376 27.849449 40.449875 35.451702 44.854847 0.000000 58.676567 34.301140 54.103020 46.594257 27.532759 37.833691 31.955601 31.465252 20.328995 58.836472 51.583855 22.275940 45.036003 37.024681
56.914368 53.191650 59.230556 20.115316 46.279625 51.975418 21.369610 51.149712 53.472153 16.705486 52.073868 10.218057 58.676567 0.000000 49.672947 51.389484 39.223232 54.934689 35.389565 31.922606 34.091232 37.443325 49.975563 56.868813 54.577274 44.819904 31.849642
59.486000 28.054628 47.976585 29.474998 34.992851 24.016340 44.349411 20.662458 42.823631 45.824974 50.640354 40.292820 34.301140 49.672947 0.000000 52.100655 41.333763 30.050905 47.956432 27.119982 17.576012 49.809017 48.850044 13.702792 32.915298 49.103867 25.341394
18.656956 29.506645 27.849752 40.093136 27.519581 45.354877 49.644123 54.953133 33.757549 22.563478 54.132965 35.852982 54.103020 51.389484 52.100655 0.000000 56.130547 61.140434 39.799107 56.763691 44.003021 42.965797 22.032104 13.438196 39.314056 32.491879 56.452225
33.803112 54.456448 32.877369 27.701546 36.743454 36.165764 26.560326 57.672363 9.900377 57.376499 15.271244 16.494862 46.594257 39.223232 41.333763 56.130547 0.000000 29.323015 46.569843 56.986618 10.627445 35.083553 16.738964 14.531813 49.267307 37.283607 22.264006
50.119003 44.694656 33.952721 31.548250 17.229898 52.574821 44.300491 37.314854 35.372398 58.800827 53.047215 28.104164 27.532759 54.934689 30.050905 61.140434 29.323015 0.000000 13.481009 27.081118 58.001175 49.405510 52.431278 41.738106 17.309076 37.878143 14.586825
55.480980 51.473507 45.891273 13.200329 40.008644 47.190414 37.201920 43.021034 38.681511 50.748528 56.354279 54.873108 37.833691 35.389565 47.956432 39.799107 46.569843 13.481009 0.000000 53.654247 41.246372 53.327744 43.830753 21.722128 49.692513 12.318688 49.891361
50.248703 36.541035 53.067520 33.227726 58.067238 17.330339 41.221146 52.031170 48.290592 42.536793 39.988113 21.311501 31.955601 31.922606 27.119982 56.763691 56.986618 27.081118 53.654247 0.000000 58.149624 56.285576 51.647930 55.982647 59.041107 16.879066 45.393127
39.852337 51.163940 32.051079 25.318535 43.986073 19.560720 40.749817 57.785019 50.625607 35.920330 25.771826 41.898094 31.465252 34.091232 17.576012 44.003021 10.627445 58.001175 41.246372 58.149624 0.000000 56.490902 55.788326 37.378109 39.136421 20.174637 34.278389
45.524887 29.980057 47.718639 41.900517 53.406960 30.807896 37.239433 29.513414 56.638294 54.406925 41.493362 44.238609 20.328995 37.443325 49.809017 42.965797 35.083553 49.405510 53.327744 56.285576 56.490902 0.000000 58.014980 48.189754 59.131668 38.124966 52.648026
28.526909 52.067116 35.001274 13.671928 55.740681 47.450676 18.574329 10.091246 33.591766 51.705212 55.161594 53.656830 58.836472 49.975563 48.850044 22.032104 16.738964 52.431278 43.830753 51.647930 55.788326 58.014980 0.000000 49.072285 51.520061 31.049662 18.714333
53.663193 38.508846 20.303480 46.105545 57.273193 41.702900 59.991150 52.526241 20.669621 16.320860 49.583057 19.093311 51.583855 56.868813 13.702792 13.438196 14.531813 41.738106 21.722128 55.982647 37.378109 48.189754 49.072285 0.000000 44.777046 57.578453 56.855354
10.998867 26.453110 33.598831 45.771828 55.508121 21.417723 43.129269 18.957756 36.512562 30.590206 44.723011 40.379333 22.275940 54.577274 32.915298 39.314056 49.267307 17.309076 49.692513 59.041107 39.136421 59.131668 51.520061 44.777046 0.000000 49.878239 52.000675
43.989140 46.854725 61.393059 14.466396 21.824797 46.169033 13.972301 31.369732 52.597198 45.459839 13.689036 41.296425 45.036003 44.819904 49.103867 32.491879 37.283607 37.878143 12.318688 16.879066 20.174637 38.124966 31.049662 57.578453 49.878239 0.000000 59.747391
53.246544 59.242874 39.736950 26.400772 41.717648 25.142174 59.123138 44.289936 35.353779 30.886782 56.607368 45.951122 37.024681 31.849642 25.341394 56.452225 22.264006 14.586825 49.891361 45.393127 34.278389 52.648026 18.714333 56.855354 52.000675 59.747391 0.000000

N=34
X:
1 1 1 1 1 1 1 1 1 1 1 1 1 1 1 1 1 1 1 1 1 1 1 1 1 1 1 1 1 1 1 1 1 1
E:
0.000000 12.495935 37.925053 12.966714 59.401249 61.494217 11.158720 20.793268 28.310736 41.561436 42.365860 41.618492 21.013021 45.546951 25.426250 40.128860 44.885349 27.071522 12.095567 59.757782 27.149830 16.513622 25.656261 42.045807 43.763565 53.138317 37.432472 48.912273 49.952778 37.289715 29.253502 39.608120 28.158775 45.813255
12.495935 0.000000 52.402550 23.825884 16.734869 15.441298 22.181551 16.110790 38.300755 43.272743 46.873428 28.634340 10.519773 10.666118 56.532257 14.289261 15.832649 24.173260 10.938799 36.555180 35.112736 25.391932 43.482330 9.946365 38.296349 41.657433 56.341930 49.983307 58.689247 61.190674 42.433582 31.939888 18.674438 39.141403
37.925053 52.402550 0.000000 51.324150 57.126389 48.268745 50.465790 20.720903 13.699038 56.973957 12.999038 21.664640 44.078312 61.855820 26.454351 56.076019 57.783833 10.536351 26.731869 12.843164 53.306679 23.566479 16.658722 53.307289 12.381966 26.240206 42.545441 61.531502 37.813404 35.768757 36.220093 22.226414 41.848316 38.833145
12.966714 23.825884 51.324150 0.000000 11.683730 22.011965 43.620361 20.807899 18.596531 50.460373 24.573387 52.704285 11.765113 23.245411 37.617420 57.294579 46.373550 27.221478 46.724709 57.594471 40.270378 20.688766 57.210270 51.019722 54.584686 37.517757 11.917768 56.902348 11.700492 13.920912 48.212742 40.071449 35.046959 14.532495
59.401249 16.734869 57.126389 11.683730 0.000000 58.385071 12.288295 20.068092 18.474625 58.130840 59.955788 28.422184 42.548264 56.278252 29.109133 12.094582 29.396957 47.957169 43.950989 10.390076 19.529346 40.675640 17.897701 16.687130 43.140846 58.947639 38.593628 16.277773 60.296421 36.804707 34.887787 59.576069 17.218855 30.627687
61.494217 15.441298 48.268745 22.011965 58.385071 0.000000 10.766178 38.704079 19.077824 46.625519 46.604649 53.778793 58.268906 53.648643 35.834908 51.258263 10.879539 59.123497 57.291584 25.472580 26.530342 11.412848 13.883642 52.854553 46.888538 43.761581 46.441895 40.312431 34.815250 55.071648 34.308670 28.468483 39.976055 21.543518
11.158720 22.181551 50.465790 43.620361 12.288295 10.766178 0.000000 59.833736 49.939812 58.086967 48.882084 48.805676 57.549706 38.991150 40.239101 27.113216 55.111015 37.216686 51.021927 14.810793 16.537926 37.484840 57.060925 36.968842 21.787718 35.470501 11.525985 36.640144 56.275169 56.572189 59.454704 50.237804 49.419827 24.684677
20.793268 16.110790 20.720903 20.807899 20.068092 38.704079 59.833736 0.000000 41.768192 37.782394 31.198824 55.201622 35.566097 50.080868 46.061516 46.702152 41.004807 53.010986 29.030073 11.193232 49.925461 17.332870 24.113789 20.149677 34.865837 15.295893 54.211388 59.209366 38.107548 31.104683 14.558790 22.826080 46.800312 43.302570
28.310736 38.300755 13.699038 18.596531 18.474625 19.077824 49.939812 41.768192 0.000000 52.401524 25.666655 28.436726 33.081577 26.981030 27.425364 56.729450 36.882912 13.507194 29.366266 52.732639 12.627882 52.407410 60.707058 57.593002 14.834116 9.425289 35.870064 40.086067 17.512566 26.502193 30.597170 48.656391 59.171860 35.477608
41.561436 43.272743 56.973957 50.460373 58.130840 46.625519 58.086967 37.782394 52.401524 0.000000 54.284317 17.203735 32.047745 59.343628 41.020809 56.956917 57.018791 55.169415 49.556396 59.587368 29.059170 47.219131 35.706257 19.964329 39.898308 49.061890 54.000778 33.684410 56.935619 58.315872 33.297241 25.145369 27.733582 21.818253
42.365860 46.873428 12.999038 24.573387 59.955788 46.604649 48.882084 31.198824 25.666655 54.284317 0.000000 46.281975 48.589294 56.111584 54.348202 47.642578 10.033394 47.150108 39.667778 40.753075 27.053511 59.338909 49.233208 56.308029 23.935738 35.225803 53.216377 53.780334 48.173405 40.438965 41.818077 44.916893 52.997837 59.345779
41.618492 28.634340 21.664640 52.704285 28.422184 53.778793 48.805676 55.201622 28.436726 17.203735 46.281975 0.000000 24.218550 44.332890 52.386089 30.333662 40.519554 12.121282 24.995792 63.272186 56.734787 51.387638 32.614700 24.457638 46.964169 60.004505 59.607601 12.822141 21.379902 58.538399 19.746441 40.572262 56.032608 51.262573
21.013021 10.519773 44.078312 11.765113 42.548264 58.268906 57.549706 35.566097 33.081577 32.047745 48.589294 24.218550 0.000000 51.593445 21.182127 54.384174 12.873962 49.523750 56.908730 60.672230 26.324787 17.353188 30.129780 13.797609 27.910002 39.638504 49.127316 55.464279 12.222747 32.637020 10.700847 51.975445 39.185482 51.003311
45.546951 10.666118 61.855820 23.245411 56.278252 53.648643 38.991150 50.080868 26.981030 59.343628 56.111584 44.332890 51.593445 0.000000 30.260229 54.266014 44.641174 15.609225 10.663453 54.643898 60.704071 12.389748 26.276413 55.570824 37.097610 48.089806 27.797678 54.300636 40.813240 29.377623 24.766045 26.796400 48.315399 58.759251
25.426250 56.532257 26.454351 37.617420 29.109133 35.834908 40.239101 46.061516 27.425364 41.020809 54.348202 52.386089 21.182127 30.260229 0.000000 57.889023 52.739887 52.324314 13.128078 30.934641 59.008404 51.413239 36.147991 47.611160 15.440378 14.515293 15.988149 51.437675 60.513443 28.661774 58.367542 35.641308 51.755772 33.326656
40.128860 14.289261 56.076019 57.294579 12.094582 51.258263 27.113216 46.702152 56.729450 56.956917 47.642578 30.333662 54.384174 54.266014 57.889023 0.000000 33.275059 41.067959 58.719734 18.953281 56.616444 25.714619 37.330318 42.332916 60.805405 25.798590 55.682278 45.059505 17.529316 24.105701 55.815842 40.983791 54.075859 57.618275
44.885349 15.832649 57.783833 46.373550 29.396957 10.879539 55.111015 41.004807 36.882912 57.018791 10.033394 40.519554 12.873962 44.641174 52.739887 33.275059 0.000000 14.921568 19.498875 24.053970 21.671228 33.597588 59.809769 23.872835 22.439013 60.280487 26.899395 43.049927 35.300072 37.350479 47.982353 55.289078 55.243946 13.252773
27.071522 24.173260 10.536351 27.221478 47.957169 59.123497 37.216686 53.010986 13.507194 55.169415 47.150108 12.121282 49.523750 15.609225 52.324314 41.067959 14.921568 0.000000 52.170021 33.553085 23.702066 25.827564 19.261818 27.340260 57.701111 40.030460 30.877483 58.014999 54.670288 37.034424 26.559027 53.861526 26.907360 45.958031
12.095567 10.938799 26.731869 46.724709 43.950989 57.291584 51.021927 29.030073 29.366266 49.556396 39.667778 24.995792 56.908730 10.663453 13.128078 58.719734 19.498875 52.170021 0.000000 43.163128 55.814480 28.815012 20.650730 23.107307 54.005653 20.481968 44.035225 46.355583 40.814087 57.980743 46.078407 11.971664 16.297424 60.177101
59.757782 36.555180 12.843164 57.594471 10.390076 25.472580 14.810793 11.193232 52.732639 59.587368 40.753075 63.272186 60.672230 54.643898 30.934641 18.953281 24.053970 33.553085 43.163128 0.000000 17.267292 22.736967 17.934847 40.670044 30.523317 46.559048 55.005795 46.517227 54.710403 56.741810 48.225540 52.349190 56.941063 38.135384
27.149830 35.112736 53.306679 40.270378 19.529346 26.530342 16.537926 49.925461 12.627882 29.059170 27.053511 56.734787 26.324787 60.704071 59.008404 56.616444 21.671228 23.702066 55.814480 17.267292 0.000000 57.266499 16.482660 54.484993 46.657463 27.373703 15.000167 59.809566 58.681892 52.598686 28.523138 10.811691 49.682598 40.476410
16.513622 25.391932 23.566479 20.688766 40.675640 11.412848 37.484840 17.332870 52.407410 47.219131 59.338909 51.387638 17.353188 12.389748 51.413239 25.714619 33.597588 25.827564 28.815012 22.736967 57.266499 0.000000 34.236420 58.025860 42.439095 44.757805 27.986155 27.979755 62.800667 14.810748 43.605915 51.489109 42.997784 47.082077
25.656261 43.482330 16.658722 57.210270 17.897701 13.883642 57.060925 24.113789 60.707058 35.706257 49.233208 32.614700 30.129780 26.276413 36.147991 37.330318 59.809769 19.261818 20.650730 17.934847 16.482660 34.236420 0.000000 30.430676 59.856186 56.208252 27.732897 23.365810 54.023010 11.334886 28.231409 60.049088 19.446465 49.470322
42.045807 9.946365 53.307289 51.019722 16.687130 52.854553 36.968842 20.149677 57.593002 19.964329 56.308029 24.457638 13.797609 55.570824 47.611160 42.332916 23.872835 27.340260 23.107307 40.670044 54.484993 58.025860 30.430676 0.000000 38.026711 59.221909 42.098511 59.747704 52.003437 43.487488 57.530571 15.348251 52.090130 44.800117
43.763565 38.296349 12.381966 54.584686 43.140846 46.888538 21.787718 34.865837 14.834116 39.898308 23.935738 46.964169 27.910002 37.097610 15.440378 60.805405 22.439013 57.701111 54.005653 30.523317 46.657463 42.439095 59.856186 38.026711 0.000000 12.174825 47.423164 56.271965 30.553711 48.966881 53.667206 29.521107 55.845791 40.915791
53.138317 41.657433 26.240206 37.517757 58.947639 43.761581 35.470501 15.295893 9.425289 49.061890 35.225803 60.004505 39.638504 48.089806 14.515293 25.798590 60.280487 40.030460 20.481968 46.559048 27.373703 44.757805 56.208252 59.221909 12.174825 0.000000 34.946583 53.976513 34.393070 53.905560 62.101368 52.082832 33.128323 58.625702
37.432472 56.341930 42.545441 11.917768 38.593628 46.441895 11.525985 54.211388 35.870064 54.000778 53.216377 59.607601 49.127316 27.797678 15.988149 55.682278 26.899395 30.877483 44.035225 55.005795 15.000167 27.986155 27.732897 42.098511 47.423164 34.946583 0.000000 57.549126 56.938725 13.837130 47.935925 37.876839 22.562748 48.608131
48.912273 49.983307 61.531502 56.902348 16.277773 40.312431 36.640144 59.209366 40.086067 33.684410 53.780334 12.822141 55.464279 54.300636 51.437675 45.059505 43.049927 58.014999 46.355583 46.517227 59.809566 27.979755 23.365810 59.747704 56.271965 53.976513 57.549126 0.000000 12.359806 9.820661 60.491707 57.057644 33.235077 49.334534
49.952778 58.689247 37.813404 11.700492 60.296421 34.815250 56.275169 38.107548 17.512566 56.935619 48.173405 21.379902 12.222747 40.813240 60.513443 17.529316 35.300072 54.670288 40.814087 54.710403 58.681892 62.800667 54.023010 52.003437 30.553711 34.393070 56.938725 12.359806 0.000000 16.719219 54.659439 13.581071 34.615482 33.203056
37.289715 61.190674 35.768757 13.920912 36.804707 55.071648 56.572189 31.104683 26.502193 58.315872 40.438965 58.538399 32.637020 29.377623 28.661774 24.105701 37.350479 37.034424 57.980743 56.741810 52.598686 14.810748 11.334886 43.487488 48.966881 53.905560 13.837130 9.820661 16.719219 0.000000 44.272476 17.444094 40.680038 33.948082
29.253502 42.433582 36.220093 48.212742 34.887787 34.308670 59.454704 14.558790 30.597170 33.297241 41.818077 19.746441 10.700847 24.766045 58.367542 55.815842 47.982353 26.559027 46.078407 48.225540 28.523138 43.605915 28.231409 57.530571 53.667206 62.101368 47.935925 60.491707 54.659439 44.272476 0.000000 43.825497 12.217848 58.038063
39.608120 31.939888 22.226414 40.071449 59.576069 28.468483 50.237804 22.826080 48.656391 25.145369 44.916893 40.572262 51.975445 26.796400 35.641308 40.983791 55.289078 53.861526 11.971664 52.349190 10.811691 51.489109 60.049088 15.348251 29.521107 52.082832 37.876839 57.057644 13.581071 17.444094 43.825497 0.000000 48.317623 43.419193
28.158775 18.674438 41.848316 35.046959 17.218855 39.976055 49.419827 46.800312 59.171860 27.733582 52.997837 56.032608 39.185482 48.315399 51.755772 54.075859 55.243946 26.907360 16.297424 56.941063 49.682598 42.997784 19.446465 52.090130 55.845791 33.128323 22.562748 33.235077 34.615482 40.680038 12.217848 48.317623 0.000000 38.907867
45.813255 39.141403 38.833145 14.532495 30.627687 21.543518 24.684677 43.302570 35.477608 21.818253 59.345779 51.262573 51.003311 58.759251 33.326656 57.618275 13.252773 45.958031 60.177101 38.135384 40.476410 47.082077 49.470322 44.800117 40.915791 58.625702 48.608131 49.334534 33.203056 33.948082 58.038063 43.419193 38.907867 0.000000

N=23
X:
1 1 1 1 1 1 1 1 1 1 1 1 1 1 1 1 1 1 1 1 1 1 1
E:
0.000000 58.681812 38.629826 10.121793 40.615967 58.102837 51.007061 12.880266 37.434841 39.207703 34.908226 43.240532 59.106468 27.549927 40.297005 43.191986 49.536610 57.395874 9.905886 10.419369 37.386326 25.889923 25.963812
58.681812 0.000000 39.864975 24.781231 49.118546 39.835136 38.749104 45.828129 42.939095 11.983691 10.645709 52.671440 42.525848 47.580265 50.729980 24.190466 51.291634 48.501835 48.238884 33.941925 45.090374 14.172356 23.968897
38.629826 39.864975 0.000000 30.346149 59.866783 27.081062 14.285397 28.069742 58.388199 17.675024 45.234940 10.538361 51.215206 40.663471 41.541668 25.494667 12.487836 48.217751 10.283395 58.937298 23.855656 18.525816 34.313370
10.121793 24.781231 30.346149 0.000000 35.182999 40.332298 24.428822 27.439198 18.599375 25.497242 35.881863 56.326427 43.082966 41.719696 15.701532 58.002228 15.916161 24.254787 61.167683 56.329212 57.918571 45.554676 29.110472
40.615967 49.118546 59.866783 35.182999 0.000000 54.416294 54.055107 41.336880 50.237431 52.294922 21.101624 57.676373 42.912102 48.260155 27.887024 52.705647 43.104424 46.617626 20.787224 39.357380 38.195091 19.422581 48.406948
58.102837 39.835136 27.081062 40.332298 54.416294 0.000000 53.701248 50.999737 34.432289 42.496029 47.486500 54.828510 37.047733 40.995369 57.594101 49.503769 57.000637 53.580402 37.442940 14.734348 57.052135 23.781044 30.384678
51.007061 38.749104 14.285397 24.428822 54.055107 53.701248 0.000000 26.685400 49.934364 28.940279 38.060204 48.829998 11.751431 20.964300 53.741604 21.750887 20.394333 39.193352 46.305695 42.820541 30.396700 57.048130 39.555183
12.880266 45.828129 28.069742 27.439198 41.336880 50.999737 26.685400 0.000000 32.320053 39.932236 52.540222 30.451416 57.105522 34.356972 42.649464 32.034908 30.562031 31.870949 24.452160 35.762470 32.887756 36.429474 36.397053
37.434841 42.939095 58.388199 18.599375 50.237431 34.432289 49.934364 32.320053 0.000000 33.294865 52.316456 44.041389 57.330441 47.452026 46.477375 20.296059 48.301548 44.189613 48.210560 11.736517 42.071236 28.331642 42.315193
39.207703 11.983691 17.675024 25.497242 52.294922 42.496029 28.940279 39.932236 33.294865 0.000000 44.158360 57.582554 56.872498 52.982010 57.261883 48.444942 27.324278 59.870865 59.052811 44.769066 32.579224 35.910107 21.759518
34.908226 10.645709 45.234940 35.881863 21.101624 47.486500 38.060204 52.540222 52.316456 44.158360 0.000000 23.278351 48.294521 27.428982 24.682877 57.624741 52.346840 55.107349 48.908989 37.550415 44.606812 21.925320 34.766838
43.240532 52.671440 10.538361 56.326427 57.676373 54.828510 48.829998 30.451416 44.041389 57.582554 23.278351 0.000000 14.120165 31.004269 58.369503 12.747646 55.552631 21.984306 52.578205 35.874519 32.427841 53.861183 32.263996
59.106468 42.525848 51.215206 43.082966 42.912102 37.047733 11.751431 57.105522 57.330441 56.872498 48.294521 14.120165 0.000000 20.838976 15.019847 58.044399 30.697336 13.200955 48.237804 38.073586 25.137756 56.042793 39.900269
27.549927 47.580265 40.663471 41.719696 48.260155 40.995369 20.964300 34.356972 47.452026 52.982010 27.428982 31.004269 20.838976 0.000000 57.028503 31.034531 55.384865 47.442314 35.817959 51.391468 22.682600 48.276077 59.058861
40.297005 50.729980 41.541668 15.701532 27.887024 57.594101 53.741604 42.649464 46.477375 57.261883 24.682877 58.369503 15.019847 57.028503 0.000000 46.116211 29.879822 60.431641 36.420227 59.619907 14.085466 43.052822 25.075905
43.191986 24.190466 25.494667 58.002228 52.705647 49.503769 21.750887 32.034908 20.296059 48.444942 57.624741 12.747646 58.044399 31.034531 46.116211 0.000000 27.973270 49.457813 27.078472 55.038063 49.688053 53.181007 11.452569
49.536610 51.291634 12.487836 15.916161 43.104424 57.000637 20.394333 30.562031 48.301548 27.324278 52.346840 55.552631 30.697336 55.384865 29.879822 27.973270 0.000000 44.724770 54.020039 35.685123 22.436176 55.487156 53.146179
57.395874 48.501835 48.217751 24.254787 46.617626 53.580402 39.193352 31.870949 44.189613 59.870865 55.107349 21.984306 13.200955 47.442314 60.431641 49.457813 44.724770 0.000000 53.055630 50.287285 40.049812 48.132801 37.268299
9.905886 48.238884 10.283395 61.167683 20.787224 37.442940 46.305695 24.452160 48.210560 59.052811 48.908989 52.578205 48.237804 35.817959 36.420227 27.078472 54.020039 53.055630 0.000000 17.374235 32.426441 13.119121 11.847597
10.419369 33.941925 58.937298 56.329212 39.357380 14.734348 42.820541 35.762470 11.736517 44.769066 37.550415 35.874519 38.073586 51.391468 59.619907 55.038063 35.685123 50.287285 17.374235 0.000000 17.005207 26.898897 13.241042
37.386326 45.090374 23.855656 57.918571 38.195091 57.052135 30.396700 32.887756 42.071236 32.579224 44.606812 32.427841 25.137756 22.682600 14.085466 49.688053 22.436176 40.049812 32.426441 17.005207 0.000000 44.584488 33.419682
25.889923 14.172356 18.525816 45.554676 19.422581 23.781044 57.048130 36.429474 28.331642 35.910107 21.925320 53.861183 56.042793 48.276077 43.052822 53.181007 55.487156 48.132801 13.119121 26.898897 44.584488 0.000000 56.862869
25.963812 23.968897 34.313370 29.110472 48.406948 30.384678 39.555183 36.397053 42.315193 21.759518 34.766838 32.263996 39.900269 59.058861 25.075905 11.452569 53.146179 37.268299 11.847597 13.241042 33.419682 56.862869 0.000000

N=46
X:
1 1 1 1 1 1 1 1 1 1 1 1 1 1 1 1 1 1 1 1 1 1 1 1 1 1 1 1 1 1 1 1 1 1 1 1 1 1 1 1 1 1 1 1 1 1
E:
0.000000 40.728222 46.255424 56.326492 43.019218 29.075956 50.028061 38.131905 27.678116 12.754363 27.800499 50.779224 9.898245 49.899826 57.358471 39.652710 51.217041 15.750652 30.677979 18.431223 34.536835 46.996902 52.796436 16.075224 48.873749 32.425816 53.688969 36.339005 41.461952 58.266342 13.508612 47.169067 34.068977 18.552851 38.930698 47.035667 16.499729 49.335247 40.301605 50.046200 49.617352 41.300446 58.152107 26.889366 22.142029 52.546364
40.728222 0.000000 18.718922 53.211075 47.573189 42.859070 52.535206 55.284100 50.706287 43.255798 51.306477 31.795187 42.171822 57.176765 33.005920 41.432564 30.230801 13.395536 50.072002 33.202599 46.725155 40.844669 50.323875 59.269581 53.355366 55.736610 42.596062 24.567570 18.057837 48.770947 47.284885 56.506809 46.350246 36.506851 44.492729 35.856686 52.020512 21.952553 49.552116 43.926315 38.190300 17.091822 42.189373 42.110214 32.333645 27.475941
46.255424 18.718922 0.000000 33.696625 29.601366 37.382141 49.593681 11.766238 51.061920 27.020922 45.793243 22.298498 59.556637 48.807827 57.282005 53.754749 37.058815 12.679216 17.338882 40.595345 9.962013 30.242050 44.715977 30.387016 59.931141 63.477840 11.297007 22.734650 55.798512 50.439873 57.316952 27.642023 28.955330 57.908897 40.968315 42.399719 16.222202 37.627892 57.252274 45.009697 46.294590 59.140434 46.718575 44.867691 29.566477 18.918703
56.326492 53.211075 33.696625 0.000000 46.487167 58.438652 23.421047 25.806925 28.565239 28.775169 51.418156 36.337513 25.149719 58.440552 13.362173 26.128691 28.844990 46.048664 19.319937 23.999989 49.937309 53.399956 35.163094 49.872368 57.001076 56.540432 58.431107 55.564590 52.013454 39.875427 9.690228 59.627548 60.265621 48.742302 12.181592 47.929825 29.944023 59.415512 53.473049 46.866611 46.948326 46.535000 52.297916 19.784498 45.784775 56.884361
43.019218 47.573189 29.601366 46.487167 0.000000 52.001080 29.541084 41.399349 36.647247 13.002849 22.331787 25.349762 41.832127 54.632984 21.422630 60.114906 43.833015 16.074188 16.167452 39.788723 56.005089 32.008461 11.427416 41.370445 15.723668 55.788986 51.119160 54.490124 51.949715 22.196831 42.518929 51.697762 47.276058 42.907738 45.250088 38.871727 9.157300 17.159119 58.786816 58.983925 57.430984 26.851593 44.718498 28.155050 53.733849 37.570175
29.075956 42.859070 37.382141 58.438652 52.001080 0.000000 13.460217 31.507534 44.912254 41.352879 45.067997 53.630833 41.268520 53.511471 46.138512 13.915229 23.192665 58.940742 49.265705 40.205734 58.587002 42.774193 48.707237 42.704132 43.932667 12.371573 53.580765 58.170845 52.636253 59.301064 52.886917 52.613533 57.471428 52.998184 55.544838 52.970451 32.538708 40.646862 53.007500 25.672237 51.946522 10.590438 43.012959 38.316235 58.144104 52.389809
50.028061 52.535206 49.593681 23.421047 29.541084 13.460217 0.000000 55.184471 43.804859 55.017197 60.006523 16.769926 46.017853 21.687326 47.315964 25.407063 16.991350 19.420416 46.144867 18.770813 11.672329 13.322378 38.236053 21.326458 38.675934 59.999123 46.434685 16.297529 18.987694 17.447573 27.301041 36.295235 32.189583 25.045666 36.027779 59.273342 48.738438 48.038849 42.738266 46.642857 29.376972 23.824696 45.412365 29.958324 46.402771 37.485878
38.131905 55.284100 11.766238 25.806925 41.399349 31.507534 55.184471 0.000000 46.539864 55.738941 56.117134 48.120796 25.027153 34.752239 19.411520 51.682201 59.324303 54.087234 11.654416 59.798359 33.113647 37.400566 15.169638 45.545803 51.651527 49.839081 19.255024 39.083839 58.049664 25.205185 21.005074 36.169121 14.062410 41.145531 21.794157 25.482759 16.170238 22.990084 43.590515 19.537777 46.334450 41.686741 14.472935 25.889572 35.719212 11.999932
27.678116 50.706287 51.061920 28.565239 36.647247 44.912254 43.804859 46.539864 0.000000 49.070908 32.319378 16.052654 58.437698 42.751015 22.204144 45.879498 47.811592 25.481661 56.650139 38.691841 32.047707 52.357483 32.506786 14.005772 36.937248 37.796410 40.856155 36.137436 41.113159 59.105270 37.843678 19.858982 40.292507 33.720673 61.155548 33.063007 20.449543 32.217594 59.506767 25.618214 57.766243 33.096279 51.215000 51.970272 25.289597 60.927467
12.754363 43.255798 27.020922 28.775169 13.002849 41.352879 55.017197 55.738941 49.070908 0.000000 51.823429 57.620949 60.127472 55.246830 50.825001 54.938068 18.341812 44.503284 32.676575 20.826265 35.477959 35.115582 38.195580 49.203957 49.997295 55.771217 46.491425 14.204647 19.724358 44.805824 44.172012 53.448112 19.939281 53.077522 51.139446 52.200665 38.685745 28.139380 56.733871 34.341965 54.517197 42.983025 56.294025 59.182594 18.935282 56.137981
27.800499 51.306477 45.793243 51.418156 22.331787 45.067997 60.006523 56.117134 32.319378 51.823429 0.000000 47.910339 54.864197 50.858780 38.977810 56.976589 58.266342 60.097256 37.308338 53.893303 18.326775 40.182045 34.836266 10.489519 46.309776 41.917992 11.528444 29.977806 60.353699 57.856518 33.103615 57.149357 22.847174 56.260246 16.558098 17.189402 47.528084 32.180904 36.577190 47.617805 36.018845 46.780262 45.094666 30.957146 40.366398 48.974117
50.779224 31.795187 22.298498 36.337513 25.349762 53.630833 16.769926 48.120796 16.052654 57.620949 47.910339 0.000000 51.133072 50.921753 29.382038 26.017643 43.038143 49.809158 13.686974 42.711544 39.581131 22.742050 25.207714 27.620142 41.486191 38.193893 45.256424 11.234257 37.065056 24.105322 55.797005 47.922798 49.002300 54.493828 50.862827 27.934196 34.884293 56.135094 34.902271 61.265717 57.082230 30.649456 48.261017 12.986249 23.098499 21.476324
9.898245 42.171822 59.556637 25.149719 41.832127 41.268520 46.017853 25.027153 58.437698 60.127472 54.864197 51.133072 0.000000 53.658772 57.956844 12.384000 36.579277 31.344906 56.609501 55.296410 43.585644 11.184201 56.635323 9.685517 23.215492 34.057114 17.836536 38.355644 22.902733 53.356773 52.293831 46.438911 55.982620 30.971220 58.320507 55.090961 12.980911 20.569765 45.371544 39.828613 57.283951 39.158485 46.814762 10.841227 60.358627 41.669621
49.899826 57.176765 48.807827 58.440552 54.632984 53.511471 21.687326 34.752239 42.751015 55.246830 50.858780 50.921753 53.658772 0.000000 41.902241 15.791405 28.862932 39.844326 54.884361 58.753525 35.137516 27.117842 57.001072 42.426567 17.912807 35.002407 40.557728 21.691990 49.983040 48.645256 45.679325 58.977142 59.601078 57.247471 15.466404 23.385593 42.943031 51.734432 58.511040 43.609390 31.617847 14.201909 56.241058 31.442883 57.659859 12.735271
57.358471 33.005920 57.282005 13.362173 21.422630 46.138512 47.315964 19.411520 22.204144 50.825001 38.977810 29.382038 57.956844 41.902241 0.000000 30.519707 57.670422 10.875513 9.898638 47.449413 36.078129 56.781330 56.628155 20.828438 31.651201 60.388344 37.207119 24.862869 40.503822 36.128040 36.281799 49.824844 35.810059 12.175686 52.581688 15.176577 31.678085 51.694336 12.423344 53.474308 52.633976 50.543457 31.875008 36.047016 42.028023 51.533386
39.652710 41.432564 53.754749 26.128691 60.114906 13.915229 25.407063 51.682201 45.879498 54.938068 56.976589 26.017643 12.384000 15.791405 30.519707 0.000000 49.659943 60.140778 23.837006 59.840717 13.672748 50.942837 50.520893 58.011299 37.671928 46.148842 45.626640 31.098091 33.890587 59.087223 43.172146 47.390690 47.349606 22.301987 34.543003 18.489243 14.177466 54.345936 47.851608 26.764313 16.069740 54.133965 53.942291 56.677570 46.692116 23.111706
51.217041 30.230801 37.058815 28.844990 43.833015 23.192665 16.991350 59.324303 47.811592 18.341812 58.266342 43.038143 36.579277 28.862932 57.670422 49.659943 0.000000 48.144630 33.101814 53.862091 48.680237 35.896179 43.101318 56.919674 56.269135 17.338264 59.075718 32.321041 39.687439 31.694830 17.866619 20.956467 55.653423 46.497437 38.171299 32.188087 39.741096 18.339651 43.941132 54.824394 47.469589 53.651024 26.503387 19.737370 45.204323 43.786942
15.750652 13.395536 12.679216 46.048664 16.074188 58.940742 19.420416 54.087234 25.481661 44.503284 60.097256 49.809158 31.344906 39.844326 10.875513 60.140778 48.144630 0.000000 59.398575 35.758911 13.205694 61.286663 43.975277 37.600571 46.497005 56.800770 39.255264 45.588345 50.762283 55.281708 36.459469 39.243629 50.369858 26.998646 46.743885 22.598169 42.273628 19.138041 47.391594 59.567955 16.645676 45.748447 56.234051 43.346298 48.230038 36.838345
30.677979 50.072002 17.338882 19.319937 16.167452 49.265705 46.144867 11.654416 56.650139 32.676575 37.308338 13.686974 56.609501 54.884361 9.898638 23.837006 33.101814 59.398575 0.000000 42.137909 52.926067 21.124250 13.720638 30.794334 14.422915 30.360872 43.547539 50.411819 33.460243 12.084346 57.049515 54.933109 45.189167 60.057533 35.457722 28.243778 58.706837 26.428890 60.408028 44.679943 19.907209 58.827087 29.370806 50.804634 30.053013 60.416512
18.431223 33.202599 40.595345 23.999989 39.788723 40.205734 18.770813 59.798359 38.691841 20.826265 53.893303 42.711544 55.296410 58.753525 47.449413 59.840717 53.862091 35.758911 42.137909 0.000000 49.046623 56.274124 19.085878 24.454327 53.804985 25.987045 23.514904 42.518536 50.499424 58.247246 29.845266 44.597988 40.242393 47.644123 43.057327 46.231419 49.875141 11.889301 12.842112 60.268044 17.715191 42.873493 34.758575 24.630262 32.010201 38.374474
34.536835 46.725155 9.962013 49.937309 56.005089 58.587002 11.672329 33.113647 32.047707 35.477959 18.326775 39.581131 43.585644 35.137516 36.078129 13.672748 48.680237 13.205694 52.926067 49.046623 0.000000 44.648857 21.169662 14.175696 42.140640 60.698196 12.247643 20.791731 11.000877 49.287666 14.374168 46.372360 15.101953 14.236343 48.445724 56.937042 14.897924 53.640198 47.227940 60.249481 25.668089 34.418739 14.585933 53.521851 58.454140 13.656937
46.996902 40.844669 30.242050 53.399956 32.008461 42.774193 13.322378 37.400566 52.357483 35.115582 40.182045 22.742050 11.184201 27.117842 56.781330 50.942837 35.896179 61.286663 21.124250 56.274124 44.648857 0.000000 50.994041 37.289154 44.859840 54.376801 38.088211 45.542282 21.297047 44.637955 39.342556 38.675262 42.430923 27.772152 52.728416 50.070671 46.231522 27.069551 53.765312 38.287201 47.670776 44.903622 40.312050 58.076645 57.156815 41.853844
52.796436 50.323875 44.715977 35.163094 11.427416 48.707237 38.236053 15.169638 32.506786 38.195580 34.836266 25.207714 56.635323 57.001072 56.628155 50.520893 43.101318 43.975277 13.720638 19.085878 21.169662 50.994041 0.000000 40.590458 11.744987 12.110806 16.429720 46.472893 59.741955 41.518448 51.335091 44.224716 43.852341 23.819487 24.617939 48.891186 54.656960 52.925690 11.149036 42.010071 55.016731 59.302334 57.961887 30.596846 53.947449 31.538649
16.075224 59.269581 30.387016 49.872368 41.370445 42.704132 21.326458 45.545803 14.005772 49.203957 10.489519 27.620142 9.685517 42.426567 20.828438 58.011299 56.919674 37.600571 30.794334 24.454327 14.175696 37.289154 40.590458 0.000000 57.028748 57.875404 10.434195 30.988136 49.846619 24.117384 15.090557 39.268101 40.880020 14.016766 40.864124 27.903578 13.896026 40.743225 58.057793 53.074337 30.834137 52.734581 48.829315 51.990227 14.320221 59.145920
48.873749 53.355366 59.931141 57.001076 15.723668 43.932667 38.675934 51.651527 36.937248 49.997295 46.309776 41.486191 23.215492 17.912807 31.651201 37.671928 56.269135 46.497005 14.422915 53.804985 42.140640 44.859840 11.744987 57.028748 0.000000 49.873119 41.932049 10.400157 43.963703 17.896248 17.449665 32.899097 32.486137 45.457054 25.115669 33.230164 37.303017 15.520067 24.166748 57.511971 50.488567 61.659912 34.567394 55.786034 34.187084 58.799366
32.425816 55.736610 63.477840 56.540432 55.788986 12.371573 59.999123 49.839081 37.796410 55.771217 41.917992 38.193893 34.057114 35.002407 60.388344 46.148842 17.338264 56.800770 30.360872 25.987045 60.698196 54.376801 12.110806 57.875404 49.873119 0.000000 12.480908 58.519207 29.443954 46.684414 21.595894 39.976467 60.711823 23.298450 59.368599 36.221806 39.601871 56.430305 58.610161 11.323862 47.107788 35.230148 45.863075 20.684908 15.239185 47.964485
53.688969 42.596062 11.297007 58.431107 51.119160 53.580765 46.434685 19.255024 40.856155 46.491425 11.528444 45.256424 17.836536 40.557728 37.207119 45.626640 59.075718 39.255264 43.547539 23.514904 12.247643 38.088211 16.429720 10.434195 41.932049 12.480908 0.000000 60.436424 39.027233 36.113846 54.980042 12.622400 59.335842 56.338821 42.356716 33.740704 53.898346 35.355724 48.800293 33.336998 48.392570 52.643856 54.832405 33.233303 34.478985 45.125813
36.339005 24.567570 22.734650 55.564590 54.490124 58.170845 16.297529 39.083839 36.137436 14.204647 29.977806 11.234257 38.355644 21.691990 24.862869 31.098091 32.321041 45.588345 50.411819 42.518536 20.791731 45.542282 46.472893 30.988136 10.400157 58.519207 60.436424 0.000000 37.835247 16.381977 45.192856 38.540325 29.604036 44.472160 29.835245 49.691998 27.455505 32.425884 34.858139 22.482952 27.174700 24.323490 50.612293 47.340477 37.714039 44.118805
41.461952 18.057837 55.798512 52.013454 51.949715 52.636253 18.987694 58.049664 41.113159 19.724358 60.353699 37.065056 22.902733 49.983040 40.503822 33.890587 39.687439 50.762283 33.460243 50.499424 11.000877 21.297047 59.741955 49.846619 43.963703 29.443954 39.027233 37.835247 0.000000 57.663250 33.835464 41.202347 56.997486 9.755920 29.487907 48.138245 45.269920 46.948174 31.622070 59.941097 56.415638 55.327080 11.071893 33.622124 30.141031 41.212982
58.266342 48.770947 50.439873 39.875427 22.196831 59.301064 17.447573 25.205185 59.105270 44.805824 57.856518 24.105322 53.356773 48.645256 36.128040 59.087223 31.694830 55.281708 12.084346 58.247246 49.287666 44.637955 41.518448 24.117384 17.896248 46.684414 36.113846 16.381977 57.663250 0.000000 48.094677 25.815224 48.032326 54.864670 25.385389 44.376015 52.013226 48.754921 16.588261 15.287713 31.429371 57.032528 36.866787 31.842661 36.201141 36.359467
13.508612 47.284885 57.316952 9.690228 42.518929 52.886917 27.301041 21.005074 37.843678 44.172012 33.103615 55.797005 52.293831 45.679325 36.281799 43.172146 17.866619 36.459469 57.049515 29.845266 14.374168 39.342556 51.335091 15.090557 17.449665 21.595894 54.980042 45.192856 33.835464 48.094677 0.000000 39.673653 31.244289 12.748805 48.172836 52.487530 47.354160 10.996496 33.314785 54.110176 45.986984 52.529140 62.032043 48.862358 13.344893 62.428055
47.169067 56.506809 27.642023 59.627548 51.697762 52.613533 36.295235 36.169121 19.858982 53.448112 57.149357 47.922798 46.438911 58.977142 49.824844 47.390690 20.956467 39.243629 54.933109 44.597988 46.372360 38.675262 44.224716 39.268101 32.899097 39.976467 12.622400 38.540325 41.202347 25.815224 39.673653 0.000000 42.640347 46.163765 42.726677 38.558285 49.359520 59.723518 46.351402 51.856224 54.809547 58.480145 55.473690 59.363815 45.964035 17.815414
34.068977 46.350246 28.955330 60.265621 47.276058 57.471428 32.189583 14.062410 40.292507 19.939281 22.847174 49.002300 55.982620 59.601078 35.810059 47.349606 55.653423 50.369858 45.189167 40.242393 15.101953 42.430923 43.852341 40.880020 32.486137 60.711823 59.335842 29.604036 56.997486 48.032326 31.244289 42.640347 0.000000 43.967823 53.080162 31.390326 54.268192 39.580223 38.274300 32.268608 42.643715 20.507643 55.416481 22.676937 43.359417 57.987286
18.552851 36.506851 57.908897 48.742302 42.907738 52.998184 25.045666 41.145531 33.720673 53.077522 56.260246 54.493828 30.971220 57.247471 12.175686 22.301987 46.497437 26.998646 60.057533 47.644123 14.236343 27.772152 23.819487 14.016766 45.457054 23.298450 56.338821 44.472160 9.755920 54.864670 12.748805 46.163765 43.967823 0.000000 18.713133 43.924576 33.476902 57.671951 47.585567 31.494690 53.161125 46.607292 38.618519 36.656891 28.365957 55.481487
